88
18
579
122
100
307
363
20
710
39
854
156
547
635
890
202
925
338
549
833
18
985
109
968
459
35
663
971
799
119
427
218
916
34
194
862
676
424
700
821
516
576
36
773
989
582
47
512
654
283
289
477
554
271
410
965
17
113
279
402
827
347
210
990
944
181
217
899
768
58
1
243
198
549
787
341
277
336
348
100
731
769
805
787
611
231
474
943
988
175
529
759
699
625
917
811
442
627
350
206
259
996
502
680
267
439
97
698
714
269
665
189
117
377
82
163
659
409
839
298
88
527
297
662
28
308
254
67
997
845
383
283
820
940
322
935
566
981
365
904
934
665
216
860
581
830
673
401
782
344
332
501
270
165
515
582
167
614
600
239
989
951
303
199
394
261
926
376
939
539
793
996
541
775
56
748
521
143
659
670
633
825
63
795
393
513
348
841
17
600
408
374
699
165
48
191
871
896
684
588
900
483
788
530
249
645
494
939
878
103
925
774
567
284
338
858
728
34
798
927
868
550
554
107
4
599
25
627
715
383
658
126
832
291
676
305
951
456
878
891
951
959
149
848
862
285
837
303
555
862
39
489
31
718
16
128
751
214
136
647
66
152
728
799
964
885
265
884
703
450
639
545
154
445
580
75
667
767
674
630
93
676
981
626
297
27
259
989
339
858
765
830
513
513
323
376
777
433
360
625
354
480
967
300
454
986
766
16
276
355
747
926
779
481
938
450
242
569
132
606
866
483
702
691
164
769
142
624
458
80
947
344
705
559
592
310
348
523
197
776
174
748
664
201
308
656
900
186
389
559
761
747
684
309
196
497
192
708
490
573
855
40
935
152
416
752
414
816
623
28
108
491
956
768
597
337
914
312
582
267
620
512
149
612
124
60
277
927
632
994
190
941
293
106
632
516
73
451
30
100
312
293
792
98
650
250
793
430
856
611
50
760
544
720
930
397
816
986
75
743
839
206
463
32
581
442
72
842
465
289
626
163
110
248
793
729
232
545
282
138
20
63
799
486
732
149
84
926
103
652
725
683
335
607
870
36
504
73
604
323
248
16
947
476
494
86
986
77
466
389
637
235
246
65
684
932
16
326
66
209
391
775
596
117
597
142
611
154
978
374
560
608
229
241
30
689
176
877
812
634
138
17
303
290
303
496
850
731
702
442
971
456
821
34
627
506
679
12
373
705
614
175
466
881
799
392
906
678
431
545
306
206
961
703
464
78
810
537
586
11
154
242
239
57
891
660
849
303
81
280
888
177
664
985
387
927
268
440
252
554
962
413
511
930
235
642
850
346
811
193
295
512
307
694
673
896
579
909
350
387
157
4
537
692
215
691
495
289
319
11
579
606
422
915
497
234
458
858
881
472
807
119
575
195
699
195
275
731
308
815
311
572
162
449
712
906
805
74
187
309
508
233
603
729
129
803
368
744
688
501
768
566
983
617
637
272
308
883
275
149
186
857
77
566
220
917
559
568
931
540
575
667
155
387
946
524
720
780
207
622
530
907
1000
157
745
100
983
163
370
870
167
757
571
118
655
390
584
442
930
10
844
333
643
648
991
540
796
169
716
569
885
633
375
216
733
485
349
82
715
135
881
717
601
40
922
915
886
127
194
578
620
740
80
159
37
470
997
553
538
168
781
207
682
369
717
392
483
716
770
731
104
447
214
39
738
769
475
253
447
804
644
832
412
372
248
999
127
662
535
420
10
452
578
87
21
944
893
113
468
90
155
252
196
194
103
383
248
305
134
202
877
558
437
144
890
107
216
279
936
652
223
154
337
442
969
920
440
350
176
171
286
28
220
703
460
288
506
857
750
187
644
643
536
608
784
600
712
46
227
217
634
991
275
763
641
410
217
485
453
348
706
291
813
735
910
716
186
809
165
458
513
980
993
484
247
901
970
997
31
437
949
169
598
208
383
849
76
105
11
108
565
758
208
324
49
78
46
754
790
358
298
95
729
133
251
243
163
277
475
242
583
903
44
223
475
846
258
25
724
941
413
625
280
221
632
362
329
216
141
38
932
749
660
142
800
899
843
323
234
887
566
934
831
631
418
43
294
776
674
813
954
61
875
40
920
686
841
721
637
523
541
772
100
938
365
130
8
321
873
493
192
774
58
135
779
156
302
211
274
726
321
887
764
74
508
152
457
44
679
911
133
441
841
756
635
163
839
130
51
594
579
442
749
545
340
736
477
508
51
334
232
784
162
301
433
807
634
816
146
445
377
316
135
699
779
620
665
294
893
42
214
22
785
615
486
988
691
380
496
523
