4635
3455
3128
2026
3652
2068
2593
1310
1654
3652
1712
4279
1850
4911
933
2705
1879
1210
1384
1976
768
83
4829
2884
2613
4180
4454
4732
1186
2941
3247
4581
3704
1542
1475
897
2676
975
3635
3380
4416
437
1098
2882
4151
1367
4819
2101
3176
1179
4754
1851
4297
3759
576
2290
974
1391
4946
3623
449
4769
2298
882
2322
2307
1584
3165
1784
3493
4953
4212
3475
2163
1086
3439
2793
4429
4408
4952
1172
3430
125
1294
3431
4125
620
3132
317
3970
1507
1941
1789
2700
2290
1798
2656
1199
3501
431
3260
1937
4321
4285
987
1170
1325
1157
3356
1857
4181
4115
2570
4310
7
4196
4698
4016
2690
1719
3043
2198
3426
789
3056
1318
4826
4824
2394
4414
3414
3994
2322
1024
2689
1307
333
4222
1856
4980
1818
880
1229
2663
1548
1838
1567
2836
3414
4884
4932
3558
3024
2599
2826
3302
4837
3189
1840
366
4781
684
2683
1674
4499
2526
31
4082
2828
4453
2592
1756
1470
138
987
3235
82
318
3798
817
82
3771
1769
1295
2959
1220
3799
4260
51
2716
4266
3737
532
2678
3968
898
2453
3527
4143
2026
3193
2760
1686
3584
718
3683
2397
4315
2376
3064
4212
923
969
3275
2086
3389
3983
2279
1734
3600
2559
2126
1359
163
3763
4548
3694
3338
2130
4152
568
812
4961
2677
4126
3940
1801
4508
506
1163
399
217
963
2587
2602
3679
4499
977
562
4647
133
413
4218
4310
2238
2090
1910
3821
983
3489
4234
493
319
4617
2485
386
2510
2138
4383
3166
3848
995
837
1448
4806
2609
783
758
4059
2567
4264
4558
2765
32
143
372
3791
588
4777
12
883
4318
2643
4239
585
289
608
3261
1745
4568
2787
2940
4161
3394
66
1741
3723
901
4906
3017
3658
424
4341
2842
4043
3691
3798
1732
1310
4355
3714
2834
524
2793
3499
1154
1312
2423
4223
4545
3277
3234
3111
1185
3796
3400
4644
4066
2479
642
4169
4550
3739
3386
2273
4680
1366
1190
3287
4946
526
4750
1675
1757
1109
156
2444
3327
519
4244
4901
3594
3891
4852
1213
4101
2188
4167
3459
3949
2500
4851
3249
4150
1014
4290
2513
2804
3632
3549
4222
2759
3604
560
2612
4281
1338
2346
1238
3111
4309
4024
4902
4011
2890
882
1613
34
402
2927
3759
983
3776
2645
2452
2393
2359
2025
3791
3125
2707
2739
1633
4092
2295
4261
4868
3674
980
772
4360
202
3739
4331
76
1277
2463
3084
1876
2451
1462
4571
1763
1360
2402
2042
3216
4384
4673
4357
2474
2648
1142
885
2432
1685
4893
132
211
1579
2777
971
3604
3576
1372
3147
1719
511
2416
2160
4527
184
173
2984
835
4492
1580
3549
1711
1021
3790
1300
1992
4941
2604
1784
1729
734
3049
3805
4855
4303
1672
1531
4111
586
1965
4995
1898
1438
2538
3280
1840
626
2187
3580
1156
2374
2162
1967
3849
3562
1772
1113
1147
4396
1982
1730
2613
646
2660
3962
2002
1534
3298
1556
886
4758
4443
407
3578
2625
4087
4666
1895
2408
3570
3278
4208
4537
2735
3887
2619
2648
3314
3903
4922
4301
3011
2610
2609
2123
571
2461
1731
1748
425
1046
4415
600
3048
3235
4702
1523
314
1634
2326
1029
1815
4393
2532
2199
1901
1961
3765
2966
1994
3627
3931
3286
4841
2837
73
2872
957
3752
4220
4714
3870
3287
2827
2899
1832
2131
1052
2992
3895
4370
2874
2809
3869
4152
4011
2578
3013
3232
2765
2843
463
4309
2278
2982
762
2420
1684
4514
4042
4457
4584
142
1930
816
1180
3006
4844
1
51
2614
3940
1538
3426
1735
1994
2618
2345
1024
753
4687
1848
3520
763
4648
3057
1276
650
2975
4722
872
499
4567
4735
3096
467
2759
239
598
3168
2413
2710
801
1369
4076
1854
4120
3459
4470
2447
1914
3817
671
2034
24
1095
4867
612
428
1078
2475
2460
3124
2596
3063
432
3141
2578
900
2462
1328
1012
2572
2373
2498
2323
420
278
146
45
3537
4234
3538
436
3895
3905
2240
3489
554
2784
3010
81
3610
4380
263
2156
1266
3818
1311
898
3137
3686
4516
3037
4558
4019
4575
4863
1718
245
1744
908
4466
3792
151
892
1627
4623
2312
799
1918
77
4273
4612
3707
592
1982
3055
3968
2596
2175
1534
295
3302
1683
3592
4742
4313
1921
1204
4813
2155
527
3876
332
766
4698
4463
1054
4443
4307
1789
3022
3164
2360
22
646
3326
3691
3022
1453
1088
3765
4507
654
2841
3995
4579
908
1622
4711
219
4969
266
1807
1650
3846
2836
150
3476
4974
4398
4734
4265
2260
4248
3466
3996
2681
34
2393
3590
3620
86
2427
485
336
3201
1798
221
1722
4634
2523
4988
892
2249
1623
3478
4237
1464
3219
4069
635
267
790
1415
3843
3426
132
1528
4864
2055
4818
543
3818
4438
4011
1971
3505
3812
1520
526
4244
3197
4066
4516
3956
4880
2006
900
4859
2519
1832
3268
2516
2747
2487
3103
4113
1977
4285
2816
1491
1030
2711
4253
1371
1632
336
4133
2849
3906
1079
2002
1641
471
4001
3290
3452
2008
3884
432
1312
4073
123
1925
4195
4524
1009
4673
1276
1788
4733
246
1111
2800
3482
1924
3462
4445
1210
2857
3839
620
1752
991
743
1890
3056
10
4091
550
1606
3954
675
2619
1467
2596
2667
4072
985
3697
1125
1934
1145
1756
4435
3753
2203
2899
4400
4131
3194
390
902
1657
4794
1168
705
1479
3768
1700
4649
2947
378
171
4127
2581
145
506
3596
4281
4090
3490
3693
3630
4357
674
4376
3995
4269
438
3010
4381
2979
820
4558
1841
3993
2291
3846
4963
4764
1796
3871
4195
4988
2748
3203
4523
4112
4387
2137
3335
1124
1577
2930
4692
732
1861
612
2686
3991
2838
166
1004
253
3220
541
1425
3185
4235
4099
959
4667
3989
1750
2144
3788
3565
2590
3658
327
4183
2110
4365
4758
156
503
2884
756
1245
4729
4533
4834
3577
4976
716
4715
4051
999
801
575
4733
1738
1250
197
1327
4503
1227
793
3854
4731
4395
3030
4446
199
2730
3221
3885
2529
3228
4975
4804
1013
3323
4845
692
872
3980
1075
4519
699
1708
296
4980
1020
4865
458
4559
758
341
4815
1308
355
4626
958
1562
3020
953
4336
2576
4769
2985
223
798
2970
3102
658
3255
4500
4685
849
3105
216
1401
746
4624
3737
4332
3690
8
3136
359
4626
2845
4243
4021
493
1537
1986
3453
1028
4436
300
603
1150
386
3562
4586
1016
3754
1311
4115
4165
3312
2049
1693
2513
4118
4022
1642
1338
4671
4103
3644
1376
2213
1153
1328
2415
4287
1128
1908
2815
1465
922
3939
2679
3331
1926
103
3841
3922
219
4931
893
2767
4874
919
4049
1247
4706
1431
2395
1465
2513
1006
4290
4565
1139
3111
1117
2341
4278
2566
1462
4350
4765
4129
3404
1916
3868
2236
4000
558
2072
4831
2726
1271
4408
1430
4560
1975
1694
2693
2723
2929
2935
4252
3049
4110
2320
1740
1749
2903
1002
4770
900
3008
1584
3631
4283
2474
3410
704
586
1823
86
279
4342
4000
3538
3957
1115
4008
1369
4755
3806
2025
3757
3442
1101
4767
671
4942
2440
3044
1558
4805
1738
3229
513
500
4262
322
1648
3261
4163
3206
4888
2186
3410
2073
2965
3522
134
4916
3898
3503
1797
2305
1885
2850
2757
1163
3787
2168
4654
2827
2979
2439
2486
1989
1613
1923
4779
4142
1765
4222
3153
2095
4753
1148
1048
2741
2528
324
451
1391
4632
3924
4157
4976
2839
1001
47
4296
3224
4182
3988
3741
2114
4313
2775
4734
1176
4531
4830
1088
2695
449
1312
2772
3249
4808
4125
156
4868
4392
1810
3231
4819
464
4800
3766
545
2076
1877
1344
681
129
2107
2349
3264
2639
4883
4116
3667
724
4116
2425
4224
422
285
2014
4009
823
3594
1717
3485
3345
4506
1338
3292
2904
544
2259
704
2690
4780
4506
4499
120
1436
3677
4278
501
4607
4506
535
1040
895
430
4090
4779
1729
1999
4609
2297
54
1851
4150
819
2114
1370
4994
622
2967
2038
1345
738
4723
2116
4833
4253
1010
2871
2517
1147
2679
1346
3385
604
2481
4410
3807
1477
1496
1869
2563
37
3017
485
333
191
863
2031
4658
1429
458
2843
915
322
203
13
2547
4430
1902
3083
3446
353
4886
1043
4384
949
3992
3581
1626
1329
2777
4558
2934
2856
2489
391
3478
2854
1610
1175
1514
4807
305
1825
3847
719
2118
4830
2100
2976
1119
2325
2120
4064
2507
4990
130
755
259
21
2990
2559
4150
3631
1108
4667
11
4119
3751
3322
59
139
2572
4744
1180
2145
3700
3802
4166
2513
4732
154
3896
4534
3901
4839
4049
230
2946
2743
930
1815
2318
2038
790
3136
1745
202
3597
3227
500
4537
3439
3352
4260
3332
1292
2659
4982
1947
2579
612
14
3861
1833
3146
4737
3602
2743
4031
2283
1615
1546
4365
4102
692
191
2990
836
3724
1248
4200
4213
2465
2072
1245
4014
626
4916
2734
965
2716
3567
4080
2078
2978
2316
1850
1788
3926
1196
342
3830
4554
4660
3296
1467
1337
1151
4420
4415
4728
1453
2081
1195
3876
4359
2681
417
2738
2302
280
1326
3983
286
302
2391
1737
4033
1026
2686
3082
3199
1189
515
2141
277
186
2726
433
3569
2241
4432
3588
4131
1478
976
3660
1083
2994
3608
137
2434
3562
4136
291
530
2909
2059
2121
2863
4195
1433
2882
832
3252
44
4328
806
2082
2714
2594
113
2996
4697
4824
824
2572
3431
261
1587
4633
701
2614
1222
4149
192
40
4926
349
3563
4130
458
3160
3092
1278
1050
2601
3678
1432
1725
3693
1823
820
925
4352
4050
1167
3251
3205
2035
1395
1933
2160
2419
65
4096
2429
1299
946
965
3264
3395
434
1081
4075
3079
1907
3489
2562
2701
838
675
788
4107
571
2055
1147
4880
4115
258
3415
1983
3688
4925
485
1923
3895
2614
4425
354
3109
2159
3053
4805
3242
963
2086
4045
357
2979
4291
4813
522
4420
1757
456
3306
3623
4995
2070
4365
4381
251
4810
502
1389
4519
3314
2617
1888
1368
1381
3881
1559
3942
1671
429
3274
4035
1557
2734
4758
682
2975
2253
1663
4192
3898
2073
93
3325
2360
2342
4316
3594
987
310
1146
4414
519
4868
1976
1096
3336
2726
3016
3452
3752
3662
3951
3171
3851
463
1354
1235
3791
2914
1047
3466
4603
3831
4522
4309
1313
3866
4244
4964
4664
467
645
3929
4892
700
2149
2788
1648
3098
3180
668
2426
3321
2963
1520
2381
3597
442
4370
711
4593
3341
1270
906
1804
2735
2811
2638
3340
3095
3254
4867
515
743
3512
1498
4620
4872
2874
183
1511
107
4356
1445
1588
4602
1335
4966
1771
144
479
3090
1158
4680
2456
1008
3484
4651
2547
989
2128
2496
2204
65
2555
3354
2064
216
975
238
978
411
3970
1682
817
2111
4726
3356
4584
333
4139
4467
385
444
3524
8
4956
1751
2731
2458
3629
4896
3087
1378
199
552
1732
687
3043
2807
4685
4480
2395
4959
3916
2245
2975
3908
4535
4313
1731
2278
4723
718
2131
2834
2956
2087
53
3159
2687
3295
2592
3102
2575
2838
1392
3789
4801
628
2287
3477
3030
4574
4713
871
4109
112
1506
2242
872
4689
322
365
2142
2270
3388
185
4510
4074
3308
4584
315
3457
2686
2977
2044
2363
1055
1415
3304
992
3173
3980
822
3694
4241
918
4246
4075
290
3038
1443
2376
2252
1465
4039
3442
4227
4973
547
3743
3990
91
1299
3991
4645
1518
3137
4895
4303
1041
1711
1938
2533
786
2820
1790
872
1072
4583
4691
1747
1029
4995
3170
2833
3258
37
4690
1321
1481
390
2221
3031
3123
1380
4834
81
4704
1997
2755
485
2034
187
2770
980
2099
1696
1477
3132
1828
2937
2099
4522
2851
855
3385
773
2661
4043
4758
789
26
3417
843
4806
1445
3086
3835
4484
3792
3544
1256
4478
3541
3053
470
2339
1334
4202
4906
914
3271
2507
1749
2034
3837
2486
1995
4934
3591
2656
1413
4994
1365
1755
379
4448
2659
2769
2360
1716
1564
2309
4948
1263
2123
2368
3589
2782
1165
4221
2742
1058
4876
4821
3099
3262
1029
45
1475
2303
4280
1577
3181
1678
180
1806
4316
2460
4109
2831
3165
2711
936
2872
3942
4010
1830
4840
241
1292
1952
275
4492
1793
1668
2492
490
1359
4310
1412
2305
1546
2346
3059
2934
3724
3135
3315
4716
3263
2078
3631
4936
2824
89
1593
3029
4359
1459
462
797
66
4636
922
2710
2095
4887
2920
115
1440
3900
4591
1038
2432
704
359
2960
4507
767
3911
1072
4056
337
501
3282
1839
4499
318
4093
4742
4523
3062
2448
83
2373
1335
2277
1420
1462
2889
3443
1505
4618
3816
2471
2071
4879
28
2553
4267
1998
418
4553
3730
3431
1445
834
2653
399
84
1451
3176
702
1319
441
1066
3940
247
3595
1436
3231
2188
4279
2677
1349
2205
4254
2704
4013
2219
486
754
2164
3873
2136
3134
3259
1948
4846
3491
4769
2331
4265
415
424
1763
4212
1249
3191
2743
2048
1380
3285
4777
765
4212
4982
4918
1352
927
2988
4040
4142
3546
3618
3675
3779
2402
3437
1635
881
2004
4081
4025
3383
1222
1787
568
2615
2954
2950
2007
1158
4778
2002
766
1526
3946
3204
161
1014
4536
4419
1110
1077
4814
2602
4711
3990
530
1797
4726
1036
1802
4948
2224
3547
427
1711
2612
4636
797
556
4307
2612
1251
1170
746
894
477
4791
850
1412
3997
3513
3704
359
4884
2940
681
4064
3907
1059
2038
3804
1514
4944
307
3038
1148
3707
761
990
4382
918
2549
2445
4741
2920
1838
1601
4762
4758
4218
1254
1646
3800
2144
4990
2942
1509
1405
3194
513
1113
2868
1580
2019
4142
4155
3993
1225
1515
1018
4703
431
2824
1041
625
1873
4978
130
2317
4680
2325
4102
3144
2029
1256
4855
3893
4729
3104
1637
200
2111
4680
2036
1191
4913
4245
1941
3487
3446
2852
2196
1732
3480
3374
4434
3230
1058
4605
2311
2282
2873
77
575
2798
542
2821
983
3175
4747
2756
3503
655
4968
4200
2725
2586
2938
350
2213
1743
3122
4681
713
3932
4614
563
3189
3177
2216
3739
4882
1496
1757
3780
2795
561
3473
2137
1374
1509
4412
510
1372
2635
3937
2979
1884
1254
3105
2479
4166
2187
3223
1767
1930
2510
1494
43
3685
270
2294
2378
2402
4129
4904
181
2729
1185
2498
1188
3658
2984
4235
3538
2613
1855
3879
1393
2155
1994
3045
133
3686
4396
2079
1585
1338
2938
3827
4611
349
2305
2151
1658
2735
4749
1825
930
754
230
3494
459
1608
3241
3710
1842
4164
1331
4472
1934
1238
4993
2229
4967
4358
1242
2732
77
4666
4424
3436
3969
6
4152
968
1583
3038
3516
3267
4524
1006
1861
2908
1565
777
3641
2669
2970
1278
1284
4571
3563
4013
4873
302
1005
454
710
1275
3689
4763
895
670
4458
1321
1060
1542
4744
4552
968
3127
3692
685
4655
2378
2574
1978
2784
2147
4767
3811
425
2659
3529
2427
1984
4505
4607
2595
2875
3757
4062
1503
890
1837
2306
3342
3436
4513
1665
577
3737
4496
3782
2446
2735
1858
2664
3780
621
4740
3607
174
2609
4492
3701
4422
1689
3512
296
3541
1548
3834
2128
3395
2407
1230
4865
4636
1128
1667
1754
2199
4387
3096
2633
4884
2036
4100
929
3088
575
1465
2368
4713
511
4637
4992
255
3666
3740
1949
2828
2028
3933
4528
845
3519
705
2726
4275
3539
3673
1514
1214
2873
5
2994
3540
1809
2693
4684
4969
1440
861
2859
2380
2813
54
1589
194
657
2767
31
4306
2888
608
1152
1208
1567
2068
2857
379
3437
2714
2285
396
2953
4656
4835
4286
1266
2728
365
3920
4758
3426
2011
959
3819
4937
4274
3695
2473
411
3716
3121
2484
1183
498
3656
2928
3369
3114
1073
3808
3002
1983
1548
3758
814
1323
1687
1376
715
1903
2635
437
604
1161
3493
4967
4216
2252
1380
4798
1061
2290
3140
3505
4285
2001
3323
1515
4964
3141
1713
319
2726
424
1577
4321
1456
1079
3443
1915
1055
2593
3743
3968
4402
1480
3063
2102
3203
1923
4183
1062
1380
4837
4934
3460
4231
3668
435
3184
2180
389
3103
2408
980
3970
102
497
3794
4957
2928
2846
1315
2790
1677
26
2095
2091
3833
2220
4974
3748
2957
1321
4891
2270
2474
807
2217
965
2772
3285
1824
2362
2492
1672
4806
2893
256
517
1777
3200
4122
2707
2175
3421
4743
1300
3217
4799
1602
2133
1050
4744
1193
1559
1708
3641
3413
2006
4069
3656
1428
3657
1620
4251
4116
4627
1887
187
2249
4704
3253
2760
4326
2086
4460
4786
823
2616
1853
1626
3361
4215
2512
1004
2714
4608
2512
3512
3166
2917
2911
1748
4579
1923
1715
1320
3736
3705
2645
4544
1399
4929
3735
295
2043
1902
300
2811
4966
2469
2130
992
2888
4191
2989
2813
4305
4425
1532
3336
3526
4780
2831
3923
1091
2101
3447
2310
4813
4758
3470
4541
3665
4243
3533
2844
2102
478
3390
2939
1264
2535
1943
2847
1975
4497
3062
3364
1166
3622
4429
293
3226
92
4583
4826
708
1964
1212
2811
1769
761
100
4858
985
1653
3663
4602
2032
4860
167
3954
962
4724
276
177
2437
376
3250
3796
1006
1171
2678
2751
808
3430
4811
871
1747
2835
1355
4273
4833
2919
4731
1005
4433
1547
2383
930
1980
4952
2334
254
4456
1303
2220
182
3982
1053
4137
4235
1007
2461
1190
1673
4563
4539
3119
1425
2771
3935
550
4652
2517
4219
1098
3986
1877
4908
4066
2660
4566
1850
279
99
4868
2317
4078
729
3956
2
4403
4565
586
3574
1754
2813
3819
2118
3555
4456
412
3964
4755
3136
546
4381
3321
872
3387
1998
1614
2625
392
1519
3355
244
4685
4285
312
2875
3525
366
1868
3839
1595
3852
3729
4700
2989
4246
4330
4480
390
1854
2725
772
1839
4607
1553
1553
2391
3774
1284
3965
3434
1339
4537
3180
4757
3889
4607
2517
2048
3412
4993
1912
1461
1553
1203
3674
3423
2073
321
2231
2673
3521
627
637
367
1875
3905
2344
4791
1970
4219
4923
2254
2258
2525
2242
773
2249
4983
4285
1350
3769
4595
774
2998
3770
1128
3824
122
1343
1782
4901
3911
244
2170
3158
4659
2072
3451
3820
4722
1677
881
1460
4284
4207
2484
4853
1475
1504
4171
2350
3398
1557
3743
1659
1523
3983
143
3603
4791
1814
3730
3051
3710
1904
723
300
2428
2002
3739
4081
2458
1529
2630
466
1591
128
1565
4557
2933
2511
944
224
3844
2523
1995
4778
3792
902
523
1458
1442
2441
3516
4859
3783
3153
1949
3954
4815
4608
2247
2903
4109
4603
4879
4089
1096
3916
2775
78
1963
1180
4810
2241
4992
3582
3752
869
4035
225
2289
3250
1670
4181
1071
4465
1727
2074
3121
2137
3116
855
1761
1675
1800
4372
2878
4738
4495
2069
2557
3696
3633
17
3655
3331
1118
1874
4513
1907
1199
4581
2826
2503
1530
4112
711
1751
2327
3197
275
256
480
619
300
4076
1804
4623
177
2260
1097
2756
771
3286
4829
3154
4501
3528
2945
1722
471
1819
1744
1232
1413
1859
1800
702
3405
2392
2722
2924
2510
1463
4156
1533
838
845
4195
99
3389
2412
539
3514
2572
123
1012
1511
2686
21
3647
4038
1599
1467
45
1397
2020
3697
3222
1393
4978
3506
3208
3919
3899
963
2390
3900
4234
3037
4902
4702
1021
1639
3037
3286
544
1752
698
747
2337
1376
64
2276
152
3937
2076
3065
1148
877
3982
1536
641
3937
2523
2668
4816
3096
1296
2404
2565
4731
3047
4032
377
3394
1641
2031
2114
3388
2478
4867
395
2056
2872
4145
46
1711
4733
3301
2430
3807
1216
1373
1394
3789
4607
2284
58
650
3434
2460
13
204
3905
241
2856
415
1015
2957
2422
3558
719
4290
2526
2599
3600
2371
2489
1924
2870
2768
2806
2195
2761
1183
661
1484
586
2233
1416
2866
3959
4270
890
1025
62
3400
4167
2519
3492
3931
2945
1689
2641
3776
2231
3155
1324
1445
4733
1404
1524
4064
1557
2903
2969
1072
843
4970
1734
1305
2279
3659
3887
4100
1295
574
1902
1276
1006
4601
4752
1162
2089
1249
245
1934
2175
4803
775
885
2584
2238
899
1289
2514
1593
1429
3556
2146
1829
1027
3887
4320
1078
2291
2560
444
4065
1754
384
323
879
4496
1795
2466
3509
3880
104
1695
4370
1557
1978
2382
4068
3379
3532
4360
473
126
1410
3417
3359
3076
2991
4587
250
1145
1039
4933
2325
519
737
2672
2320
2799
1044
310
4076
2412
4838
3378
4514
4122
1493
1791
4260
654
1562
46
4545
1992
2270
2685
1875
3152
4378
2793
1998
3471
873
430
2152
1298
2174
568
4737
577
4359
1459
24
2467
145
4837
3397
4695
2181
2991
1982
1063
3602
2384
3851
4819
2958
1158
745
815
3918
269
1652
104
1008
4513
4808
322
3347
3353
1102
3374
4096
4802
196
4012
4216
481
2164
3013
2972
3027
4402
3117
2978
2281
1522
262
1324
330
2063
2205
39
1051
945
2297
4462
3742
4698
1372
3765
601
4004
757
2771
3718
1507
434
1071
2071
1847
2321
927
1966
1757
1184
2096
2359
3793
1141
4168
1274
3893
4790
2185
3384
798
2898
1483
436
4702
2327
2132
1341
4922
2081
2378
3116
4457
3664
373
4821
1603
4448
233
1358
737
3302
437
2281
2952
4019
2558
2212
768
1658
1326
941
3054
103
2350
335
3916
253
2226
830
2188
4010
2816
4115
865
3334
1787
2858
452
4544
1393
3936
3895
3716
2675
3484
879
1720
4316
4077
1730
3689
1696
1993
3809
2148
4506
1508
3906
2192
3569
142
3234
2426
3196
694
4948
3986
4029
295
4951
2958
2381
3442
928
149
3582
4614
2068
4584
2743
1155
1182
3632
3060
4117
2076
2020
2463
229
508
3233
3180
137
3017
1682
1998
4983
4086
3753
3244
3934
648
1155
3443
2348
4783
4207
2105
839
693
1342
1384
3226
3033
194
2143
2311
3201
3029
134
3370
4915
1643
4130
2565
3301
315
938
4454
1556
277
849
1272
4647
2501
1048
4855
1827
930
2425
1418
4707
2518
2594
2550
4325
2391
393
164
3982
4884
1171
481
2457
4671
3733
2936
4935
4596
1457
3239
1838
3411
138
4141
3447
1540
3129
3726
4262
1307
693
130
4629
3250
344
1315
2452
2641
99
2721
3934
1290
3682
3324
2683
1956
4574
3958
1414
2607
1190
3238
210
4988
501
2364
1061
1406
2365
797
3864
3082
2662
1745
2285
4247
2505
3051
248
1916
3341
2807
646
4929
213
3694
1604
3436
3166
603
1286
499
3960
2481
4254
2187
1044
1942
4574
1070
3616
3891
2887
1672
4580
639
2787
3175
1470
3464
3222
3939
388
4773
3011
4763
391
2736
3037
4879
4661
1401
2685
1410
1730
3850
1945
1401
1885
1666
185
204
3791
1291
4952
151
2084
2493
4778
4286
4477
1930
2777
1722
1646
3857
693
4339
601
635
4991
1881
1434
2528
3496
885
2322
3369
2152
1679
1537
1982
4865
3979
4780
793
2134
2502
63
1235
430
2114
4506
1674
4583
954
4099
962
1426
3140
3314
3155
4181
1164
4770
1668
3029
4091
922
3174
2931
3960
4338
423
2592
2726
3355
3394
4923
3708
1045
258
437
587
3391
2619
3783
678
837
239
1796
2002
4720
3450
621
4992
3204
3878
2429
1393
744
4611
4485
4253
2154
173
2814
1918
757
3751
2490
2463
3517
236
4907
492
2980
3039
1761
2710
4788
430
2715
444
3264
2268
3752
1198
2726
2684
3567
3341
2180
3708
20
13
722
668
75
1382
3559
3148
2458
2355
207
4930
73
734
3324
2675
991
2678
4115
305
2399
208
1407
1729
3190
3389
4515
3983
2791
1935
4884
4476
2258
1874
1099
2601
4727
1686
2704
2006
4950
1534
3643
593
3529
3725
1223
4367
4341
764
696
4049
706
4321
2994
4027
4742
3921
840
203
3723
1307
1822
1123
2018
882
28
3042
4286
3866
1826
2626
2271
2039
18
1645
2531
520
4595
1169
3908
395
1713
3142
3330
56
3036
3373
1079
4672
1060
4702
1582
239
4325
1322
308
612
1908
2491
2448
1486
1347
1800
3934
748
3743
300
3839
195
962
1340
253
2954
4067
3112
4593
3719
1283
2047
3404
4721
2414
4450
4713
155
426
3003
2053
3103
743
63
3030
2864
840
2606
640
2574
2365
1649
3596
4313
2569
3091
1052
370
4861
1862
19
4977
624
3618
124
3401
2620
4624
4225
2850
1510
4451
4567
4399
3416
15
1578
4803
2295
2470
3614
1924
204
3954
2867
4136
4142
2954
2731
2467
4426
4476
3230
3124
3283
3221
4949
3194
2745
1278
3132
1356
1882
1250
209
2163
3876
60
625
3686
2721
3116
427
2305
127
1077
4764
2951
2318
1907
2521
2062
2205
3197
1055
2533
4320
1955
3433
4792
1631
1720
2724
3112
537
4224
3976
3571
2750
3893
2486
588
1769
3365
4416
4110
2616
1309
1636
2143
387
1025
3810
1528
1879
2666
956
3404
2251
2740
3657
3672
3417
2412
1511
2938
3412
963
3973
2099
2075
4726
2237
4487
1612
2025
2958
1614
3661
4219
2268
1325
4046
534
636
3087
1167
2926
1513
1248
2861
160
3672
877
4004
1682
1388
1454
1762
3219
2913
4272
2400
3770
3967
3934
4886
2732
4083
1729
816
2515
3205
1599
1593
1610
4407
4542
4377
2177
1869
2020
2294
593
1483
1817
2640
3928
1617
3572
590
966
2457
2970
2468
1772
1695
4614
4954
3825
3276
168
4383
4211
4348
923
2118
3815
4000
2592
1239
4931
2272
778
434
721
3241
752
2898
3260
4302
656
1665
962
3230
1456
4117
940
3707
3172
3873
703
2872
3143
4232
1216
4912
4805
4612
2729
1867
806
4736
3397
4426
3203
531
2799
831
1492
1256
2828
3978
4923
3966
3921
2534
3074
2742
1063
4153
3640
4492
3105
3543
558
2331
3041
3351
3349
1215
146
1481
781
4004
172
3730
2293
3519
4694
1513
2626
345
1251
1816
1439
2641
1544
2871
178
2264
1231
717
3752
3057
3053
670
4800
3382
598
2913
4075
2106
4963
4057
505
928
1995
2840
2137
4070
3725
367
904
338
4632
4255
4693
4454
1332
1554
3011
1821
1872
1892
2539
3243
874
3183
2755
3590
3775
2748
3966
967
43
1756
1342
2867
2806
4966
1268
1689
1514
3172
50
4460
3548
2453
1277
1185
1422
1118
1033
1248
4491
3674
3908
3661
4151
403
939
4755
506
1469
2625
1844
1410
2981
2565
4049
448
757
3707
4090
1771
3469
3690
1796
1905
3113
1469
2145
355
2009
1529
3653
1745
2905
2331
4675
4955
2114
3321
3314
4569
4598
369
3065
4540
643
669
2287
3881
4736
2509
4429
944
406
597
931
943
134
2326
3232
1601
2997
4464
1202
4358
1630
2643
135
2894
598
4257
4257
2351
229
2855
2964
184
2806
1441
3364
3699
2809
1669
3162
3745
515
3486
3327
1703
807
2631
4969
4444
4574
1128
4181
3905
4108
2792
3631
2671
3419
2775
2889
2568
2385
2733
341
793
2420
3313
3702
442
1591
267
267
2621
947
507
4711
2223
918
2393
4746
1687
4501
1522
3751
278
441
3164
1339
1453
3806
2755
3512
213
4698
1479
1764
429
3318
894
798
2858
2350
3583
1686
2260
3475
3789
718
685
332
792
2390
2224
2072
4774
2480
3828
2483
3696
184
4523
494
1225
1570
505
3930
2145
3936
3768
4170
1009
4061
2602
782
1677
439
3306
1222
2143
1865
4448
4673
4296
1185
3967
1352
990
2274
534
1642
3789
1025
4905
2841
1438
3521
1699
4365
2006
3627
2583
4327
4677
567
2271
3687
2569
2743
4480
4173
2250
1885
3
1730
588
2167
1712
1229
3581
1451
3107
2056
4588
1778
2344
3384
4207
4913
768
4343
4370
1330
2987
2245
989
4415
3183
2323
4160
3821
1076
3948
4160
4310
3251
346
1574
1551
2879
1498
3580
3318
4187
1466
19
1409
427
1544
4363
1714
3077
1910
561
4932
3489
2898
2161
2297
2700
1307
2872
985
1937
2303
742
269
4786
104
4421
297
4207
1478
248
642
4612
3408
1169
2778
394
1043
640
3361
2975
687
3507
1625
228
4478
4787
2657
3851
1637
4485
1820
4223
733
4595
605
1698
543
2502
285
2074
1356
3660
3641
2719
112
4275
2192
648
3771
4353
3238
87
3773
4031
3391
1879
586
4939
1840
3911
3273
4351
577
4210
2159
2946
3918
178
4650
20
1029
43
2314
1124
598
4139
3041
3138
4835
4252
3945
2729
644
1967
4831
1343
1508
3904
4989
2808
330
4345
2884
556
1412
4073
3740
3911
482
627
2319
4964
2045
4767
3599
3566
2153
4983
3484
1368
2508
1609
3193
912
765
2282
3281
215
344
3452
2862
4349
3407
2475
1266
1818
768
388
866
3496
1306
4801
2022
3049
4016
4823
4232
2438
980
2574
3083
261
2889
236
4284
516
1982
4255
2079
2253
2022
3353
2670
2714
2067
2628
3742
4218
3598
950
1656
84
1987
3452
1899
2447
1836
3387
183
4258
295
224
232
1492
4224
4061
4626
4507
3402
1165
790
1430
554
2687
3954
1363
1764
258
1873
