5106
1554
6734
9318
1719
2354
7329
6016
1990
4450
363
8082
4403
4658
191
1802
3643
5635
4241
4556
8902
1108
2570
4533
1348
6859
9644
9609
2162
6064
5095
7761
1456
7880
3695
9640
9382
6558
5631
9439
9413
4706
9776
4538
4813
6553
9285
1924
7656
1940
2598
8025
7570
2175
2961
9866
1464
8906
653
7107
8992
8426
5900
5139
5238
4466
4910
7375
4539
5141
1497
8299
4969
7374
3034
6874
8059
2260
4235
9174
4253
8922
9310
6716
4555
8369
1951
6519
7048
9812
4635
2513
7723
8505
5637
7282
1131
7534
1767
9163
3109
5993
1840
1491
6622
5121
6047
1
5347
1576
7235
5467
3878
2829
3104
6583
41
9367
379
6682
5276
7402
8778
2994
2851
5849
5994
6657
5918
9607
5019
5457
3268
8278
4785
6514
6369
2489
1573
1666
7147
5724
7474
3980
5249
5210
8097
3584
6242
8736
8435
1487
1656
6909
9313
7486
8851
74
1702
1249
3023
4484
5149
4539
3475
7159
8972
6478
8879
4998
6458
4332
1992
6783
3606
7906
5364
7145
8393
4826
2126
4971
1377
4330
5985
1414
6597
5871
7775
3026
119
7799
9376
8773
5172
5274
821
7977
8123
9652
4883
466
4246
5516
5997
808
6029
1297
7011
8369
4842
6156
4348
5557
5543
4101
8720
3723
4342
126
3073
9895
5523
7623
3383
3985
8247
2558
2189
780
5329
4612
4222
8753
223
1695
1151
8399
207
5179
2528
8214
6494
7265
3166
3792
2505
3879
986
116
984
5349
3911
4031
9135
3778
7488
5305
7547
5696
6891
8326
8598
2123
7451
7768
4484
8946
1816
6451
3687
5034
1521
2793
3710
4034
9750
4355
5298
3439
5284
1035
8545
8384
4777
8217
8973
3114
7989
8862
4562
4789
5903
5819
4159
7929
6390
4448
7477
4837
1258
3289
2091
4152
2471
170
2080
8093
4157
7876
125
9699
2041
9403
5776
5483
4197
787
674
8362
5319
2225
7895
919
6635
4360
5665
8639
4945
7611
4901
4702
835
9262
5893
2254
6755
2083
6232
9704
4793
243
8770
1113
5821
9468
5937
9659
3723
8656
6793
1785
300
782
6496
6793
9398
1649
1792
749
9279
6326
6775
5454
1808
4547
7865
1385
4762
8672
389
9197
401
4367
3073
447
8894
2474
3161
3786
941
34
573
4387
4448
8864
5572
671
6902
9627
8918
6985
7339
8025
2780
854
8347
8436
3485
8906
4489
1714
9618
8050
1061
2074
8443
8897
7484
9815
9425
7572
795
6591
6735
3745
4260
2637
2645
984
1637
1425
7148
6312
6989
9306
4544
9706
356
9580
2246
5546
4760
3916
2903
5379
813
4219
617
8710
4224
2187
7972
6375
2372
7165
1794
5627
44
9026
805
3598
3123
7538
9214
4301
4344
5407
208
2337
2668
7196
998
9997
3201
6674
5042
2741
5814
675
3533
9447
6950
6374
6251
6300
8875
1835
8027
7448
7355
824
6148
629
4271
6713
2083
3826
1868
8209
3335
3428
501
4886
7553
8024
8027
2695
7372
2109
6073
5010
8428
3033
1042
8448
7128
4003
3541
3138
7409
9628
1718
2291
1132
5338
371
7624
4331
4864
2317
9678
356
450
1869
8039
7157
1344
8262
9113
134
3371
604
4222
1753
4165
7044
349
7932
2096
5992
6369
1587
9814
8815
4705
7950
3619
7002
2621
1785
2237
7146
4778
1767
3525
9138
3886
254
9176
2229
1022
4424
6722
5031
4459
1678
2661
1273
4273
3508
7595
3337
5614
7789
433
5008
2181
6187
4755
7676
1177
9271
3433
4761
975
4466
6698
5541
372
8295
4694
1897
8369
8494
7687
2883
3279
2423
4928
9698
6775
6520
467
8445
8952
1649
2778
573
4963
7251
5434
4395
5382
838
2954
8229
8072
5722
8758
4148
5061
2077
9063
908
6001
5478
19
8446
6600
7109
6173
3929
9059
4357
5538
3491
4793
8785
3681
5294
9319
7753
6398
5729
7958
9948
8559
1610
8528
1719
7021
9942
5926
5156
9780
8248
2489
8150
9872
1778
9715
2661
8444
9706
1546
1337
3271
5150
1606
6158
8286
2683
2325
7130
8510
5530
7043
4171
6790
4617
4428
9234
416
5026
8667
7872
2280
9249
384
4377
2492
3356
3705
2476
8816
5306
7917
500
2074
268
533
1569
431
4538
5662
1992
9660
729
3387
2297
7803
2146
6371
259
2404
5596
6912
4160
1225
6825
6990
9471
8452
85
9086
750
7298
4060
5903
5426
2957
6733
8720
9062
1447
1043
8179
9743
7475
4210
3981
7776
2783
5055
457
6621
4434
5019
1372
4258
7409
1815
7731
1344
8208
6660
2134
8805
150
6295
9247
8330
3439
6221
7815
2815
4219
6811
7177
7928
1483
5193
8479
695
53
2068
6394
6211
6121
8381
7814
4781
5968
8000
9699
5187
6474
180
7723
8441
7498
101
1277
2782
758
1439
7977
6150
814
5898
7224
2900
5618
4519
6113
2879
2841
8421
210
4171
1213
6325
8450
1070
3488
9717
5502
3463
5699
5916
8943
2092
9408
8538
8532
7302
5174
9087
7948
6114
9516
9199
1360
9543
2362
1577
4372
4731
4910
203
5339
8881
4085
2442
9803
204
5449
337
8847
5145
3993
9217
8384
9636
2294
5693
4785
1684
7056
6748
9818
3610
5052
7417
336
2874
251
3473
6914
8944
6966
5297
6909
8389
5745
4377
6037
6625
3273
7843
1102
7929
1884
7825
8972
212
4652
7487
1615
3052
9591
8092
3596
320
1627
7487
403
7931
7054
8291
8068
8778
3675
6047
5690
5285
1043
8538
6251
6015
3485
7824
3700
8553
5554
3906
8782
224
2720
5465
587
4902
8225
1268
8250
7711
4430
3145
8513
4630
191
3783
8320
1787
3485
2093
1171
6304
9950
9205
9711
1694
6963
6690
523
7420
2318
2118
4659
6214
132
5531
949
4237
7427
8440
8749
864
5398
9148
3807
1284
6346
8918
5097
8349
2109
7840
8833
3224
8263
5062
8785
842
9
344
8192
9341
7725
1134
4688
5915
6228
7449
3278
7237
1714
5614
5349
7646
857
3697
6333
699
4958
3719
2293
8001
7022
3487
1876
368
9280
4849
657
6656
4591
5262
8288
159
7145
2035
5877
8502
7524
3429
4502
8653
162
2525
5757
2301
1662
513
6964
1515
4036
6036
1725
6077
2931
6354
9030
6404
4425
5595
4461
5741
4730
417
9751
6958
4293
9855
8526
1312
5652
3189
9821
566
3617
7275
4439
628
8576
9689
3319
9832
5991
2241
6693
5685
3444
2933
4965
6154
9101
136
2914
658
6821
688
5317
8531
6733
9177
4413
3222
9190
9895
2877
9840
7848
3879
7065
946
8193
665
2745
9190
3508
6181
7220
705
2775
2965
3804
9098
1814
4446
6819
137
6869
5819
624
6685
4459
2459
8350
3802
6757
3908
7973
9544
6445
3186
3417
5704
1810
9922
9137
9236
3077
5674
1025
5550
8473
2326
5308
7680
2158
8413
9686
6948
7484
6755
7517
4496
1996
1461
9163
1290
3367
8457
4156
9958
6925
1387
336
3518
2093
8368
8095
8906
3604
6991
4127
4272
5854
8956
8331
3153
5184
4170
1844
2304
5021
4692
2180
2697
124
3444
839
5778
8500
5497
8713
521
2426
4104
976
4286
9375
4884
1034
5965
3334
8913
5149
5891
7077
1216
4208
4936
1697
3808
5332
4654
3175
6632
5845
7168
9691
4669
6533
2333
7161
7026
5016
8703
9141
8941
3129
6982
2734
7666
9038
1862
8169
2114
3372
1331
4227
5566
4125
6638
7556
5561
6864
7444
9735
9370
4735
1669
7591
9386
886
9612
6199
7529
2372
2326
260
3685
97
1095
7941
9524
9469
1741
7853
9734
1900
68
6474
8867
8006
2380
6731
2840
3118
4551
7396
2156
502
1827
135
4291
267
9231
3727
8095
5506
6658
138
3074
2890
7935
2697
80
5990
979
362
1970
8518
2804
5411
8443
1244
5170
697
5357
1134
7258
5422
2113
2313
383
1403
1073
4019
226
125
2042
366
846
7296
3434
8212
7625
5981
5340
9924
1870
5442
7616
6311
756
1928
2183
5557
526
7578
4092
9361
4403
6513
7290
2760
8649
5642
628
8006
2716
7850
7410
9334
4076
8937
6166
9668
3682
7479
5717
4768
6112
5217
9912
7001
1315
8314
91
7457
2719
8479
4210
594
2115
8898
9129
9583
8672
3961
6140
4986
8280
1801
8271
74
6837
1294
5776
6693
2319
9490
1162
7514
3055
4773
2705
6952
9891
6504
5202
227
5206
2773
3345
2725
9821
6564
7420
8617
4907
3289
5144
5018
1661
1717
5433
8746
8269
5629
6110
6915
5376
9540
9986
910
3932
2257
5632
9735
2270
1335
2738
3826
7856
4279
7623
407
221
2433
7876
4489
1568
6440
3498
4342
9718
3942
8608
550
7044
7468
6175
1977
6725
2763
1067
4077
7474
782
4895
3954
7033
7012
4986
4822
1202
7003
7291
4429
2314
7896
9175
3647
8426
7489
6634
4833
9742
7973
5476
1438
6795
3384
483
8679
2840
1435
5872
9718
3667
2073
4008
6569
1580
5832
9801
6685
6006
4408
236
5315
7985
8472
1381
8775
3690
6051
5593
8281
4197
983
897
7031
9649
7536
4848
8100
7943
5810
6000
4909
9681
5090
4894
1598
2091
6917
9007
5722
7117
6926
5306
6305
2893
4225
1679
7266
2763
9552
4308
7828
5429
1866
1814
952
4711
2334
5640
6567
1608
1747
260
7783
1606
4463
2975
7569
7322
9943
9802
2919
2198
7419
689
2404
7277
1250
656
4258
6461
8776
6441
1495
6199
2221
1050
1524
4663
5400
1224
5525
9715
162
137
2873
9373
7569
8961
4360
9188
5491
9008
8768
7805
5413
8926
1918
1481
9879
5191
9489
2513
5097
5144
7994
1350
3773
5546
7401
1138
15
388
3647
8000
1791
1052
7053
1895
5544
825
7797
1399
997
5762
6141
8229
9172
6385
7597
3968
3021
5396
6252
9234
2022
2179
6895
8313
9145
1086
1994
1275
4069
5323
9082
5941
2203
7796
6827
3370
1882
6631
793
9059
4557
4808
2748
1186
3095
5451
66
2529
1092
2614
550
9101
2329
8133
4316
1120
3290
2488
4043
3874
8230
2248
1329
5597
2688
4148
6218
8743
9576
6872
2912
5304
4668
5059
5255
6696
6550
2798
7504
3105
3025
74
5495
8155
5392
8435
2443
5656
6145
2789
4509
8714
3190
7456
6869
8477
7002
6319
9643
8328
7366
6908
9266
1688
5271
7692
3050
3298
2196
9590
7476
6845
8966
8135
297
6569
2597
5359
3976
653
144
6602
2909
8946
9655
746
5506
415
8515
2000
902
877
8768
1402
3687
4458
7095
184
9470
4260
1232
5102
2806
4321
8850
748
1825
1333
7638
120
3276
36
6094
2546
8766
3226
7243
2056
1502
8627
4558
3213
3268
2703
6273
3766
9687
8498
1389
8556
5097
841
8277
3003
909
409
6760
6052
751
1078
8629
8307
8002
823
1569
4710
5076
8894
9908
6060
7379
6864
6598
1147
3061
5574
8695
2030
7657
588
6162
8870
5693
2267
8962
2765
9116
6221
2345
5269
985
9058
1414
1622
2805
1658
9354
6121
833
5802
1564
1619
9252
8035
4763
2374
1740
5925
9135
6903
7198
7261
9471
4701
750
7466
9446
6369
1875
5850
5638
6341
5957
7484
860
6626
9617
5344
7662
7966
2173
2874
2408
8094
7744
291
377
859
1103
7144
376
1281
8166
6824
6982
2629
5625
2200
7069
6261
5116
9693
710
5457
5754
9220
8958
4844
891
9262
7369
7907
7004
6412
417
2614
7697
7379
5605
2391
822
3590
3016
4715
7469
6115
6303
3928
1232
4346
1184
5103
8926
5797
1289
778
4252
7180
8218
7419
684
5031
3787
3376
3811
6516
9993
7083
2009
2482
5587
5485
525
2211
9622
2527
8861
3850
1036
1795
5600
1863
7501
5100
9346
9433
667
4923
2810
6761
9617
1303
9762
78
2612
7856
5793
645
7506
4726
9910
3903
5282
2548
8735
1871
6971
8591
4860
430
819
6706
893
1275
9112
9303
7549
3765
4149
9762
2908
403
1576
4261
1862
5439
9755
8931
467
5051
4182
6704
3281
411
3011
7123
7811
4316
1749
2167
8170
7019
6327
7471
4264
473
1095
1846
1884
3832
1178
3332
6065
8538
7816
8775
239
5881
2999
8659
8759
24
207
3752
1701
5313
1829
8347
2326
6164
9410
6995
4664
6637
7417
62
7534
1993
7297
8931
5885
1666
8328
9723
5800
2152
3737
4517
3154
8590
6148
2323
9906
8468
4840
1178
7408
9554
6606
3361
8794
7608
517
1183
985
1844
6241
1404
2368
4127
8876
7575
1397
2781
4930
6647
1128
8310
2272
414
7132
2607
1874
52
3523
6503
9370
317
2503
2679
360
1784
5913
47
315
3244
3918
3200
1
743
5410
5756
3817
5969
1817
5897
3432
1844
4887
9870
4437
6875
4228
3624
6818
4650
2517
4186
3669
1767
9801
8344
9959
5842
7290
5513
4044
8743
911
219
1470
1377
5645
285
2884
83
5455
9807
2159
708
809
6185
5040
6252
5566
5766
5513
2837
4559
6816
9453
9930
8392
807
5380
2021
3875
3375
8397
2825
2843
601
9766
5429
6772
8014
4408
3615
7310
393
4076
6718
3319
2268
8374
9733
8185
9747
3925
5004
5480
2483
4434
6986
6087
5161
7286
8304
2701
2013
1424
78
5922
401
1966
96
3118
5606
7479
1859
6220
6320
9706
6514
228
8966
8376
5901
2140
7430
2174
2040
8486
6633
7416
723
6191
4443
2289
9684
2697
9149
7315
5306
7599
8470
3353
8159
331
3578
9348
6619
8230
4735
3623
2911
4692
3040
4596
9788
2187
7303
7137
9484
5046
4869
4264
9275
3628
134
8567
8052
5396
2059
3098
3934
2936
8327
3163
2458
3517
7129
2644
7380
9053
5700
9411
9366
2995
7215
6381
1646
6915
4545
2791
6781
3065
9490
5296
141
3208
979
3122
4135
4172
3096
1996
699
521
7049
7300
2177
7168
3825
515
2121
5020
9931
4038
4801
5408
1832
3242
2489
5103
4721
4848
2864
7245
3500
2294
8101
6161
7284
4747
8471
4830
2937
5619
9972
1804
534
1911
7768
9793
1168
8815
7040
9177
2240
7770
7005
5991
6856
2131
9229
4805
5395
8276
6523
2262
9719
2016
443
5010
2859
8926
3505
5764
6770
9938
33
2608
6834
5565
8310
1487
9430
4156
2452
3430
9599
723
7738
2241
3235
3194
8756
6425
2714
1394
9312
6026
4254
2513
1695
7688
2210
971
1558
5992
8146
4506
8289
4608
7698
5279
13
5759
4375
9975
4745
243
5569
8120
9150
415
7332
5060
197
1495
6764
6707
3254
6264
6083
4546
7571
1388
8530
8286
2107
5765
1228
9465
3372
5642
2943
4420
9735
1859
3030
8371
1893
1012
7874
4605
9788
1744
6778
4251
8180
8844
7516
2448
4193
4533
637
6443
210
451
6412
6450
4628
5791
5746
7636
7690
5328
9461
9495
1235
5928
3817
2679
4871
5334
5503
6377
9260
923
3599
2140
1274
3696
6895
6073
253
9758
8834
5125
9672
5467
3895
3080
8803
7329
9485
2573
1353
8337
1380
100
5825
9949
2024
8456
5464
7322
5638
578
2431
5441
8518
24
4315
4920
2707
6954
6597
7472
8001
4185
7417
4499
1584
1881
117
5247
8466
1378
1425
7690
3140
3017
6623
1262
4402
4472
994
204
2983
254
7475
7300
6001
715
5697
8161
578
8483
9724
8290
3734
4306
3900
2066
9528
2683
6913
6587
1551
2461
2209
9978
42
5329
5941
4165
3103
2446
9413
7641
4
1581
4614
1785
7087
1579
9704
392
2761
8098
2666
5547
3636
4649
4138
2191
444
1207
8638
6487
5311
1636
6622
8169
9563
5277
7703
8691
5463
2908
128
6781
4838
5689
8968
6711
8561
3401
2202
793
5774
9192
8804
2467
2096
6044
1701
3604
8004
3758
9147
989
9659
1917
3042
2763
1553
8714
9433
987
2983
1429
8364
6034
8517
1108
4362
8758
9211
3408
5380
7070
1431
8468
7478
7623
2899
3649
3993
2193
8973
5362
8119
5393
9537
7474
7187
7089
2711
4292
390
9077
2817
59
9234
8418
4766
9800
8315
7450
6787
8978
6396
7165
9889
3604
6847
8581
2881
8043
5011
924
1246
222
9173
329
2230
8473
2607
3611
4347
9063
8868
6104
5571
2079
2616
4505
2696
8401
8481
3101
8797
7384
6969
7952
8506
4170
7453
3219
4639
3316
3831
3933
9238
280
2274
9585
9991
3671
8885
3465
5171
2312
9224
2486
1860
1835
2728
251
7105
2727
4311
7541
2735
1083
4330
5730
8176
2951
7490
3268
5736
3283
388
5822
5870
1366
4520
9198
3898
4534
773
6361
8417
1536
163
9585
1877
9942
6139
8700
2583
6212
3258
5423
3850
2781
5474
3203
1909
3201
7844
5867
1148
4558
6177
3689
7925
6409
6583
8166
9175
3055
4130
6007
5945
6476
5919
7114
6640
7100
7328
3277
381
3304
638
5966
9409
2272
8157
8267
9817
7917
2268
1709
9035
9769
3456
1282
5380
5047
7316
6565
7945
3260
504
3713
18
9995
8623
7234
6297
5977
9747
8294
697
3215
69
8112
485
8667
7624
3560
3498
4943
9474
4336
230
7360
9005
8635
6425
9571
6553
2215
6339
6434
5736
5121
9308
4709
6465
1707
5278
3519
286
7936
3117
2394
9452
6802
9477
3301
8897
3915
679
7570
415
1575
1896
3300
4845
5229
2639
2227
252
6382
121
46
1046
5759
5566
7492
5776
32
392
5805
7654
5767
4627
6785
1405
2768
90
4029
6788
6399
2908
2978
8463
7955
5522
7269
7628
986
7700
3056
762
3121
932
9607
6053
6439
2865
3931
2454
6885
8045
3915
1860
1525
4432
3941
6531
6326
8789
8276
4212
6257
654
5381
7646
9517
7884
8337
5045
1694
3923
7193
8794
4043
8374
6447
1630
5436
9525
4228
6857
7835
4732
7509
565
8026
3381
5580
4199
5384
6038
4830
8435
3267
6835
9792
1688
2232
3462
1990
5366
3482
298
8686
2347
1073
9320
270
4395
3416
3169
7706
110
9763
8579
5313
1796
5207
8002
4037
643
160
2209
6699
1704
6840
1318
7222
9963
2704
3262
6417
8162
7093
5146
6662
227
3229
5748
8554
5258
622
2508
9875
9089
635
7131
1306
1610
884
4932
6230
1973
1412
1376
4229
5386
4423
2229
2943
3661
4049
4952
9873
6620
7193
8878
3618
7753
5621
8874
7498
5805
3120
484
5213
9919
6548
1265
355
1397
881
8395
9893
1491
56
3595
8528
6808
1633
8578
3424
1176
1659
9991
3936
4170
1992
9250
513
3047
1467
9762
3321
2800
3306
305
2257
5918
1019
9730
7983
8416
2776
8316
1020
7108
7061
6601
5497
1762
409
4052
7756
6308
7049
7798
2698
5458
4588
9935
4924
4394
209
7794
1786
9519
8126
2423
5859
5224
7219
9757
7573
4461
7299
1423
7712
911
2858
6356
5598
6797
7674
4877
8675
7036
8196
293
4869
5505
2351
6512
6067
1658
1690
4197
6192
1957
7435
4859
9608
9427
8866
8568
4616
2663
4733
775
4345
9084
3073
4731
2451
2140
7291
3487
3948
61
1901
2092
4322
8457
9303
7092
3894
7008
44
5583
4980
6021
1966
5633
8198
1887
5609
6678
9099
8341
5132
5382
6732
2411
7851
6900
9838
7646
6642
1363
1537
7023
4505
913
3489
4288
615
2913
5202
2150
1931
9469
5085
269
8136
8446
1678
4947
7115
6112
2680
777
9424
6658
2655
1025
4112
6789
3495
2528
1949
5122
2309
3359
3544
6792
4203
576
8325
6237
5516
5024
7189
2774
9806
7699
3241
143
9687
6391
5830
3345
3164
2438
4978
9627
7480
8958
463
2075
2003
5546
483
4379
2651
9159
6679
5447
3922
4764
4657
1674
3371
560
2037
3096
306
8841
639
6757
813
9033
4957
5052
7168
41
6964
2837
4403
7933
1634
3860
1526
6781
8571
2837
840
4621
3649
3317
4015
1469
6139
4350
136
4469
4711
780
4806
5826
8707
8823
5807
3102
7400
4954
6397
9942
2542
8486
3684
1221
5237
1365
4096
2030
5000
7553
7305
4882
1569
3742
9120
3879
2655
3481
8711
2662
5437
369
5712
4354
3701
1682
4231
712
4057
30
3256
4361
8052
2732
3028
5210
6932
653
8405
7726
4489
987
151
1985
415
670
9746
7202
2325
1724
2871
5321
1549
66
4293
4613
9974
4354
158
8474
6161
5677
7300
8818
5704
6007
7989
7803
1318
716
1107
4931
7016
4641
8962
9279
7381
8996
46
3067
5981
1362
8269
9588
5492
8177
3268
3227
4569
522
2585
6275
2942
8127
7224
5145
1481
600
5936
2809
1228
3236
8312
8509
8215
7474
4117
9284
5840
1828
8530
8005
9668
697
178
711
1382
6708
8631
5713
7579
3265
7873
4539
4149
19
1938
2932
1443
4710
3172
5461
7534
302
235
8820
4321
8678
3857
5612
5217
4371
6535
6120
9048
7619
6950
4314
2322
9429
5850
9822
49
654
388
6577
6514
3821
4937
1820
6490
2523
4857
8327
7368
4737
148
5497
2192
3442
4168
1037
8349
6486
2355
4668
9504
9462
5912
4106
6341
2571
2645
3477
5594
1845
6145
9007
9765
5677
1739
4695
259
6407
1522
9740
7283
6747
3518
1969
6348
1026
67
6320
350
4552
1436
3224
6588
1009
2714
6447
2663
3253
3211
8842
5950
4773
7443
8643
374
1592
4973
6564
5976
5316
7425
6306
4766
9735
8930
1875
8913
4635
8507
4052
7987
7672
6941
3651
8685
456
327
731
1605
689
849
3548
3184
2835
4246
7490
6017
6805
9588
3109
3721
2217
5778
9072
1791
9548
5972
1022
9849
732
2392
7548
7367
1114
5618
3206
4996
3455
4139
7892
5171
1502
4105
2294
6587
9372
9064
1408
4313
2880
8519
3972
7996
3952
3153
3122
4740
7247
9208
8610
3860
9870
7467
7385
2244
1120
4108
3261
8997
7789
1498
5645
5386
5923
225
7353
4119
6447
7839
8807
4858
6534
5115
5450
9489
890
148
7972
5447
8880
7195
5532
1116
7521
8285
6662
8334
5435
9623
8805
5499
7305
5067
2080
8135
5396
4314
677
3493
2736
5402
5720
8460
9486
4439
9031
6363
377
7254
4640
1153
488
939
4266
2043
5915
720
6892
3360
9953
219
5727
6767
8928
7128
9234
7563
375
1268
4264
2132
3541
8972
4162
4806
6605
7318
2540
545
242
6959
4811
9480
9168
7868
6864
6489
3130
3019
7248
243
3924
7324
4440
5924
5332
2215
3921
5918
571
5744
4455
4940
6891
7693
2459
8881
7622
3746
1208
1893
4164
8652
4824
6821
2751
1679
1052
6369
748
616
141
475
1017
4026
4375
8470
1104
6898
9858
9653
5066
7559
9457
2948
1577
2635
6397
6769
6116
7736
2255
4056
4247
7057
3113
2964
3284
302
687
4300
3245
889
1392
3350
1913
9773
4761
1431
849
4936
6160
6073
6038
9594
9560
8933
2739
4680
6428
6763
8140
220
984
4874
5185
2318
5624
3917
9982
926
5071
8058
6926
539
6894
2380
67
3227
3831
9409
1366
5967
8166
4474
8947
5603
3186
689
7339
1291
5548
6473
5821
3645
2431
518
1318
4774
5739
9453
6749
8831
5654
5609
301
9335
8421
5441
1326
8184
3865
4180
6262
305
2150
9546
4581
2781
3107
7744
3955
5283
6201
8206
972
4891
9006
9962
3386
3085
6442
4067
7568
7629
4524
5253
325
2279
5585
9797
6983
9809
6194
3611
3872
4962
1978
6988
8921
4325
7391
808
7414
7742
7885
9593
155
5752
5574
502
3458
9260
2370
8926
2087
4532
5987
950
2081
5785
9253
9966
9937
3608
3741
6673
8759
2473
6679
9004
4971
766
4410
2070
5263
3120
6298
3342
3156
6920
4443
1462
981
2332
9813
8896
1450
4150
5408
6159
1255
1153
9947
4734
6424
4962
6517
8906
1496
5718
4056
3042
2742
5085
7609
5497
8596
7537
7278
8055
5311
6046
3655
5826
8530
3821
6703
9213
404
6863
5638
952
1541
9958
4206
943
9320
6623
4641
7648
4964
3285
73
7859
5930
8825
9833
3012
2782
8851
1989
3704
4166
7649
9678
3588
3205
1564
7290
3765
403
5765
5055
2339
4263
4134
1184
9005
1903
3453
7838
7580
5718
9828
3326
9610
9793
7260
5376
4479
3804
4935
6243
4978
7277
5660
5055
9466
2759
3730
1879
1851
6047
5908
2601
125
2890
3221
603
9831
2036
2739
3743
3290
8789
2146
9211
3206
8967
2828
8492
719
4690
3149
9077
310
3867
4931
7537
5638
832
9622
1026
1580
3006
392
1098
5488
3043
6243
5949
5561
2569
8533
6324
9865
2853
3583
6892
1036
9559
250
9491
7672
9004
3752
4980
8882
3273
5949
6814
6169
2515
6393
2903
3428
7958
8708
6321
4310
7940
422
2718
4109
3423
7732
4456
7451
4509
1830
7240
9107
9750
8650
4359
3400
6809
4502
5302
3359
9027
2399
3457
5807
7913
5657
7767
8864
4092
6698
6993
9374
340
4190
3821
230
5757
4378
3052
9260
9735
6762
2726
4007
4219
1949
633
1345
7498
6667
8098
9316
9739
6670
2796
7762
9445
6903
2632
7477
784
9052
3826
6146
3060
8403
3763
2990
2805
9942
3634
1923
2518
9429
6386
3979
4554
15
202
6077
8575
762
7942
8060
4723
4305
8989
7635
5434
3329
5925
5317
6280
5703
4918
4795
9788
5792
6066
6481
4027
4316
6183
938
4005
7111
4981
526
8755
3869
6740
8856
6034
7142
3086
9023
7101
789
3483
1457
8923
7381
90
5962
3031
4755
1949
8332
9405
9764
200
9936
3941
2722
6781
5864
2420
7719
1006
1283
3147
1908
4690
7508
5390
2075
6281
8988
8662
4237
953
5529
8117
1613
7744
5168
6064
2798
3144
6660
5258
2991
7292
9411
194
3358
4753
5952
4605
332
6638
8786
2906
2586
3034
1103
9350
6583
4
8438
879
9554
9167
9830
2066
6775
7724
1192
6052
2455
1869
8615
4142
2556
4474
631
2319
5855
8233
6879
3504
4676
674
2923
3532
2455
5066
6878
2233
6738
5722
5494
1772
7232
9780
2878
1147
9906
9342
6293
2822
9737
2821
2484
8271
5962
1077
519
6726
449
7933
9277
9332
7491
2681
7983
3392
6872
7865
774
3935
5819
8758
443
721
1618
2226
7125
4043
2583
4660
6201
4086
1371
5319
2123
454
8659
2137
7619
8450
1467
3348
3406
7724
209
1615
8504
1115
3519
6072
1144
3597
2775
4924
4202
1330
85
5025
5383
3578
8918
8508
2511
8439
5985
9468
764
7860
4164
6441
5001
4586
1096
600
7783
4898
8634
4664
7274
1485
2538
5939
7988
485
9606
1897
8576
6605
1969
669
629
1403
6074
4623
1316
8803
6757
6818
7545
5322
6988
528
1446
5914
1688
5141
4746
6241
3331
3170
3281
6969
3782
3570
3935
9100
124
9938
5123
6078
8787
1185
5354
9614
8693
8354
8369
3454
9052
5851
8697
7608
8788
3232
2157
8850
6739
4737
9425
7693
755
1286
6462
1161
511
9949
7521
547
4158
6915
4041
2367
7603
1035
2617
7727
7278
417
4415
6144
3287
886
5582
6373
7716
9508
2752
3639
951
6743
8403
9247
459
4141
3689
2577
2902
3068
9671
8983
9084
172
8046
1768
2090
9301
322
5147
9747
6564
9800
5688
5671
9317
8514
8906
2239
468
8671
6790
8242
7270
3544
3246
1485
1581
9858
4958
6851
1659
6777
2715
7746
335
25
9875
9043
5557
2552
6633
6790
3002
230
3580
3903
5685
6954
2032
5853
7426
3188
6039
2338
9542
3945
5270
6085
1582
8532
357
5002
4591
5190
8028
4803
1204
1662
2141
6706
9116
1668
4180
3924
976
2232
5996
2689
35
2309
4970
8899
5101
874
7455
6973
9501
9156
4648
3933
7087
8618
351
3877
7372
9848
3541
3080
414
2683
6336
6215
413
5016
5046
2911
2433
3094
4315
603
7545
1691
2830
117
8494
7521
5898
8651
8785
8440
9904
6746
707
4138
9190
8718
3926
3934
9617
7985
7000
7999
8190
2445
4355
4051
1670
921
3558
1342
8843
3642
6045
1199
7324
3515
4734
2827
2200
2106
450
9046
6047
2506
622
5583
3460
3800
6624
9442
138
5798
9121
5560
9855
6849
2052
1906
2735
700
1789
9752
8517
499
6651
5300
822
2391
2248
2830
7539
8818
7152
8427
2055
8130
3497
4580
5509
6615
8341
9448
5667
681
4393
2843
1390
6261
2097
8544
8086
6657
7895
416
1828
9925
6851
8244
5014
8369
4157
4199
5861
5924
2376
6169
5853
9066
7041
4782
6827
7043
281
2814
512
5594
1439
513
35
6172
8883
3318
4151
6009
3200
7819
5957
4486
239
8986
1590
7935
2859
1123
9283
7627
555
5443
7536
7927
2427
9771
6260
7539
7687
278
2454
1518
3668
3790
4954
8244
38
7316
7758
8175
871
593
2855
3574
4949
3208
705
4668
5226
2262
4566
3250
8046
6960
6976
9203
577
2839
1133
4928
6719
726
1372
494
4495
3733
4922
3506
3491
5274
1182
4688
8201
5050
5469
8422
8201
3857
7790
9417
1238
6692
2571
2224
2900
4713
26
4234
2694
9385
9871
1730
3119
4042
4542
782
3187
7776
9100
7212
1661
9542
8334
6815
4666
1629
3426
692
2273
27
3605
1123
6147
104
8198
9089
4243
8379
2055
1377
2879
4514
4891
5248
747
4910
5738
1246
3258
6231
1209
7043
4803
2527
2068
6057
8221
1609
9814
7066
2383
2108
5391
6419
731
4065
1868
2835
7997
7057
4290
6822
9792
3372
4096
7839
6641
2949
6511
557
6904
3228
6289
8560
3780
8219
4034
8613
4817
2773
2429
9311
8401
4263
9589
3344
5683
700
9788
7796
3675
5601
5806
9998
938
9949
3190
1140
9807
5939
5415
3666
6543
5865
1761
5912
4459
6394
3970
6238
4495
6196
9013
9160
949
1328
1107
5097
4837
451
2445
5013
2605
3166
7717
8164
4208
6975
1412
2203
3506
9557
387
1273
1902
6551
8162
5741
3671
2514
3626
9547
6586
9842
8148
2340
770
2750
5700
4533
4594
2713
962
6006
9006
6590
3943
3799
897
7788
7922
6349
4863
1103
7833
6460
6789
2752
9015
5971
2925
3931
2524
5976
8466
3457
4670
2370
7809
4583
9351
359
9208
6391
6769
2804
4255
6192
643
1235
4972
7459
6800
8945
890
5464
6937
5329
9834
3818
23
597
2168
8777
5532
8477
4236
1952
416
848
4193
4351
7330
7294
871
8230
9740
2341
1985
8838
4899
5050
2450
4638
7325
9705
652
9933
2339
7709
9789
4515
3635
5386
5317
4677
1617
4775
5981
3003
4127
9497
4643
6618
5275
9050
9111
5262
1210
21
1359
129
1162
37
6238
5490
2055
3304
8273
6644
5998
1524
731
2758
481
6723
1709
582
4568
2428
1762
2093
8306
2774
7417
7929
532
504
213
9542
8315
3280
3962
4544
351
7992
9580
6610
7280
5316
9712
4149
5212
4523
4153
7639
2990
2049
4588
541
2781
2458
3917
3331
2812
3844
6762
8183
9536
5152
4378
1674
9148
7387
8319
8028
8050
6576
3820
122
6291
5116
2934
7618
4573
7396
1669
6419
9818
3500
2488
8339
1078
7540
4329
4568
4999
2405
2709
1409
204
9856
8145
2869
9537
3278
7048
9668
7211
4758
751
8682
2348
1379
3037
7120
4431
8539
6130
5719
751
1004
5135
2723
3810
821
1950
366
8533
4321
5684
1376
382
5655
5801
2934
8523
2749
8887
5114
4879
6324
8862
4658
3857
950
5238
7883
7209
3437
3200
1672
8547
1707
9800
5409
2234
864
3507
3347
4843
1254
208
3718
2590
7330
6571
1665
1245
9874
441
5923
3904
5270
4965
1235
9664
7473
7722
4793
6945
3144
954
5214
911
3120
5485
3403
5169
9415
7184
8263
220
9937
2710
2566
654
316
895
3636
116
6987
2585
9537
9228
7470
8613
1620
5069
7335
9144
7608
7753
8605
8277
8620
5471
7791
7139
1675
3609
6428
7756
930
8564
7373
5994
8854
3223
4347
9634
3459
5692
5621
349
8518
5333
8035
9184
7514
310
5156
8836
6485
2164
3057
7472
5512
9801
9279
8457
4431
4315
4127
3126
7180
2900
6949
3458
799
2577
4107
7266
2367
983
3030
1893
4968
7163
6119
3667
7301
9315
2104
5962
3102
7582
6595
3513
3336
3356
932
3844
5301
7556
2396
5457
5938
8924
409
3587
9735
3757
8576
4952
5346
8237
1932
9659
8179
5809
1908
7813
5560
7526
5228
2192
1770
4309
366
9882
6159
227
2606
8463
4826
5658
8602
5
5080
8445
8367
4600
1399
2050
2654
5964
2843
2548
5858
8983
2134
4713
1998
2661
1940
4977
7759
2496
4906
8363
4804
4050
6251
2476
2121
4103
3762
4061
3811
1568
9412
7188
5372
4498
9639
2919
2564
9770
8699
8680
8177
6671
3323
9306
7371
9595
9487
207
9785
4014
4979
1515
1583
1964
5283
7112
4652
5274
1703
940
5323
8898
4825
535
1569
6500
3120
9119
4074
1180
5900
1227
4643
6760
635
7422
8228
7583
6031
3182
7508
1481
2575
1805
4482
8347
6459
9216
6916
7393
4110
9374
1341
9643
1187
8454
2596
5575
9553
4614
6388
2134
5249
8374
7504
9342
9279
9336
9791
9344
430
1648
5802
4959
747
1734
4378
7902
5078
1082
8428
589
4672
4944
4266
6287
9361
2061
7233
4416
1764
2759
2551
8642
3041
6383
2766
1701
347
8139
7114
1932
1033
4588
1372
1284
9520
3101
1725
7864
8817
7987
2853
865
8005
414
9621
9758
3619
4645
1627
3702
7998
8573
3124
1802
5658
1589
9118
5541
6300
1355
9593
5199
9575
4468
5130
9082
3535
7477
5589
25
2658
4576
1586
3080
1959
3602
1900
1989
5609
6198
8880
9594
200
749
4334
38
1316
623
5415
2735
3458
3711
4327
233
1682
6504
5727
6080
487
8921
3714
9942
3735
543
8018
1159
2844
2990
6025
5513
1965
714
6373
1378
1995
7241
8341
6231
2621
1825
6771
5896
5351
5558
5186
1830
7723
1096
2013
4170
1272
7826
3461
992
6463
3087
2999
1740
6958
6191
8251
7162
7746
949
2544
8433
759
2328
600
7031
4748
7266
5892
7337
6902
9350
2518
4109
9916
3844
146
3167
9056
3584
6633
6227
5617
428
3201
2545
7379
5442
2125
2135
4542
6399
393
3033
2184
3359
6637
3966
9721
8624
6649
2145
308
3413
3107
4547
6921
397
3285
4080
9700
990
4017
7403
6794
7054
9071
4963
2357
1841
1228
1742
8396
5535
2185
311
4062
7946
7558
6151
6661
5360
2840
8542
8034
6813
909
167
6236
4012
7570
3040
9204
2750
3203
7260
599
8956
1801
9898
7503
9073
4511
1637
6117
3984
5641
3976
6629
1792
2178
1744
7083
5173
653
8555
3028
5704
5716
2469
658
2697
8481
998
9704
2148
8789
8377
6548
2854
3502
6557
3457
8020
6802
256
2721
4088
6324
1562
3196
4895
9603
4360
9105
9228
9440
1188
8537
4063
7224
5288
3206
2871
6273
3046
3573
1423
1125
498
2324
5167
209
1461
6955
9665
7248
3250
4717
9101
4121
2712
2662
2543
7865
4637
7536
1315
1004
4988
4822
525
7301
9076
3992
5814
5544
4672
369
2698
4723
1234
8510
3553
3579
982
8551
4109
1465
8723
8668
487
778
8427
8711
4936
466
3522
2123
3603
5399
5478
5478
5398
1452
1861
8261
1706
4909
8825
3859
9709
9811
4392
318
6564
4369
7372
8469
3511
6286
8898
8745
6
7827
5134
2188
9687
9625
4954
3696
2344
412
2028
3969
8753
1608
7320
9904
8831
867
5600
597
624
9457
5480
2035
4038
5548
9129
2092
4438
7967
1705
7042
1510
8011
5273
4090
8888
3394
3651
1071
1454
2393
4182
3933
1453
9538
2734
3243
9799
5513
5419
7977
4243
4005
2854
8535
7257
5020
1797
5829
5499
103
3310
1747
2534
8590
3232
7615
1086
4065
6014
2471
2174
6509
9645
55
1268
1079
2422
1237
1832
7515
2196
560
5172
6671
1039
7091
3697
7184
9991
976
4154
9371
2786
8774
5678
3572
5083
6823
5798
1456
1278
1253
257
2411
1976
1766
704
4920
2229
2850
7567
4746
3537
9502
4218
4293
5681
1999
2303
604
8152
4715
1486
6078
291
7689
2016
7861
8181
4553
3575
3189
6440
4770
5719
7756
1236
3146
4836
9194
4544
3858
2574
2875
2856
4569
8507
2699
3160
6784
1564
4402
8657
8671
6600
97
8317
3137
5456
7920
3641
2992
2867
3970
5045
7942
4755
5458
5212
9369
3338
5073
4359
8215
9064
7897
5383
7323
9159
3001
4677
2395
1792
566
534
1772
155
8030
6978
2043
4220
8941
3224
1392
9617
9479
96
2971
8995
9529
4503
1283
3317
9787
7878
6102
7371
4166
4331
3017
3421
6556
2235
6475
4684
8141
7990
1073
688
1879
108
4251
8575
1254
9261
2651
8909
9078
1562
7100
9837
9517
1421
1861
2378
6144
1086
6965
9250
1397
643
6087
9200
7105
4321
4375
3706
8375
1379
1073
2491
6398
6784
9613
2116
7035
6843
2759
9058
1350
1440
8912
2734
9466
8851
9585
3333
4966
5924
6990
5748
6887
7993
4283
9747
7608
8661
1610
6578
7338
8980
512
5356
5402
8744
955
9460
9805
4708
7027
1228
5272
7203
902
5575
2983
5190
352
1786
7403
1772
1556
9395
6493
5639
8288
7118
6596
2669
7800
6317
4915
688
9203
4388
6753
3593
347
1975
63
899
1708
8892
8375
9988
7495
6722
4568
9481
8673
436
4601
4710
3871
7318
3766
9210
2222
2186
7465
3319
5403
3532
3738
9247
357
887
3046
9776
3934
1877
3533
1260
2897
7925
4683
3359
843
7694
550
1442
5109
4011
1919
3536
8115
6929
9376
1271
512
3686
500
259
1058
3243
9117
7110
9857
4543
9860
9773
3025
8038
5385
4893
2013
8570
3300
8612
5119
6822
443
8729
821
5220
2467
2746
9480
5953
9939
7731
2567
1430
8701
1273
7920
1118
7664
6648
8446
4079
1484
7474
2227
7459
7045
8772
2271
5719
4173
8527
7415
6285
4606
954
7601
3817
2189
3073
4784
2136
76
2398
1283
9959
2404
3321
5235
2280
7984
878
6431
2209
2868
5528
4628
7609
629
8797
5830
4395
1907
5312
9911
87
2262
3563
9092
2123
5185
6874
5625
2844
8841
4730
4794
564
3049
3319
972
7493
6368
9807
2861
2444
2363
7904
9384
643
1413
8671
5757
64
6282
9673
9159
1659
1727
9426
7827
864
2502
1620
6239
2821
1654
9427
9803
1467
3066
379
9907
725
3919
6867
5570
7937
8883
940
3393
4660
4673
4513
7288
9713
9267
4994
3913
6932
9787
4955
6832
1245
8813
3459
7512
9615
7142
6981
7544
8953
2414
6283
8990
2794
5210
4692
5629
166
5491
7650
2133
9572
4237
7908
501
8709
7631
7770
4584
9984
2868
4065
2569
7899
3846
3917
532
3076
7699
6376
6093
1100
1319
9296
8617
7817
1434
4927
4167
2380
281
7454
8554
5382
6646
1939
5245
6298
6722
2270
744
4017
8808
9740
7673
1526
3948
535
4420
3889
6083
2305
1437
6961
2230
9562
8621
2282
2423
5723
2008
2225
3243
8467
7040
4441
952
8840
6078
6463
8285
9041
9434
1341
3668
8512
1821
2242
1363
2472
6531
8740
8719
3139
341
2464
2134
2116
5722
1969
8556
6029
9367
929
7273
1016
6596
6884
6745
4594
5674
7318
7411
7433
831
560
6078
1970
3243
3440
1077
9033
2342
2544
2970
9626
8962
3626
6753
7433
5463
8186
4136
8565
2660
1249
8375
8556
6455
5355
7053
3146
2874
6977
2004
9222
4563
4136
7293
2609
7820
3244
3849
1988
2567
3594
6646
2593
3437
1884
8188
8480
2889
8409
4595
9292
2576
6535
9073
4322
6975
8802
3169
5821
8493
9356
4062
9239
5664
297
7365
9833
7096
5559
1361
1184
8481
6358
522
1530
7780
5588
5753
6003
9918
8458
535
8554
7557
1810
7145
9517
3936
2749
4176
6561
7124
2376
2474
9390
2035
5702
1210
2829
1499
5796
1792
2106
1495
2213
7438
1949
3536
6001
5139
2176
2842
7084
1160
1834
1258
2338
4681
9625
670
5623
3196
6663
2725
8573
511
4987
2216
9190
9012
5357
2657
654
3310
5919
3732
7173
349
4012
7594
2691
9157
5233
8457
4190
1655
2731
688
1777
7442
5149
5883
1326
6828
8091
4396
8679
3707
9570
5488
5698
6672
621
2590
2434
7728
5680
2114
9962
412
259
4903
7744
5108
4950
7475
7978
6514
5557
5781
8783
6996
2168
9605
7411
2390
2103
7181
905
1441
3967
1467
5410
1646
9848
3908
5560
248
8669
2887
9382
720
3574
3114
5393
9632
7950
2289
9243
5390
6263
2430
7500
7161
6908
8037
7523
6465
3393
2494
6757
5268
4309
3139
2190
5200
5011
8664
1986
2813
8907
4250
281
3827
3619
3237
8921
6981
970
4156
3095
5782
3554
2199
3524
663
8635
5365
6523
1895
2771
3883
2929
8599
2338
5380
8069
8004
2013
9619
1097
2441
5851
4015
8279
2391
7764
3970
25
9333
6816
1161
2342
1206
9353
5945
5432
5158
5978
624
6176
5872
1914
5401
5266
6275
7893
2395
422
7353
4955
6693
6591
2438
182
5201
3481
7798
5329
5954
4600
9731
9917
6464
1497
2446
2928
6831
8480
2881
3016
4230
6462
4102
4648
3903
4583
452
5929
7852
8156
5403
8604
7542
1394
5931
631
9792
9148
4500
6374
3731
757
3771
1444
7410
4986
2934
2834
2059
9639
3438
807
259
8265
2512
1251
505
7364
7000
4536
9295
1230
4192
1891
267
6694
3079
5296
411
4578
3145
1132
2197
6251
5023
5513
1983
6289
6776
2805
7624
8304
8370
6881
6812
4658
7320
3770
2227
6573
716
4998
3955
9905
6642
1579
1350
4291
4703
8953
1866
8549
977
5874
1003
9809
2591
2831
2542
2900
4183
8116
1086
8619
5503
5662
1551
3653
7192
8189
7520
7905
5849
6972
5256
7171
5069
4962
1931
3148
1491
5023
5312
8108
849
5798
6571
256
201
4784
1269
3419
768
2327
1944
7369
1177
7692
8576
55
646
5003
188
1497
9059
8606
4254
5549
6290
934
4807
1811
2976
7938
1271
2615
5993
5684
7026
5508
8317
9484
6322
2262
1074
7397
25
4559
8438
6512
6695
5553
9134
9140
6616
3209
7012
1782
604
9720
1818
6847
449
6068
5412
6811
5947
6236
6469
2881
7125
7743
8623
5606
5173
7756
8639
4164
5863
8290
7937
1649
2014
8008
852
3987
8358
8812
7039
2490
4846
6687
4323
8264
9391
2383
5002
1375
9488
9515
5548
6711
875
5126
1549
186
3733
9676
5219
5729
1947
5503
6519
3176
364
1805
9811
5118
9337
9459
4310
520
5595
5290
4225
4635
7016
5514
836
9554
9969
8760
8004
5497
3222
5119
2047
5259
6577
7308
9001
7123
101
9866
8739
6476
5195
2981
6418
4111
2641
2472
6939
1125
9858
5850
8694
4846
4162
9442
3327
8405
2372
3479
5849
7803
919
9639
5240
2699
6185
3014
3308
2620
3654
175
4744
87
6003
3283
1540
2423
8227
3805
4351
126
7855
9107
4227
8158
7493
9052
6706
5582
7909
8779
8013
844
1111
571
8847
1077
8105
5527
6889
6029
543
4173
3366
128
7494
7952
6784
2795
4949
6544
8611
1454
7651
1239
6248
2523
2299
668
8867
3250
5063
9943
5066
9017
1948
3097
6814
2415
3245
3994
9823
8972
4783
2764
5113
7951
4347
823
5424
3982
1423
655
4817
460
6713
6009
2965
7159
8612
4590
2719
2300
7337
4224
3026
9312
2937
2955
6015
1839
857
9080
7620
3046
9378
2003
3607
315
2506
5133
2477
7395
669
5229
5576
465
5863
9603
9679
130
177
2588
5432
4089
9728
6080
5560
943
5389
6472
3385
5455
3856
2853
5666
2889
579
3788
2786
5481
9829
6878
5942
9533
3074
6977
3777
9515
8685
2476
1411
7148
8002
4342
3222
5929
5988
7897
5278
316
6469
4698
4881
2900
2002
8727
666
78
5247
2422
4451
9795
3703
5940
9453
2494
6158
1210
8896
1802
2428
5692
2595
9299
3384
5649
1037
9901
1979
7167
2410
3693
4072
5167
7153
2497
8819
1287
5713
1274
923
7739
2992
6899
382
7526
4956
3560
9561
9583
4791
2321
2221
732
5626
8838
302
8092
9092
3855
7106
6340
8113
9217
9059
1694
5070
2155
2688
9816
5431
1500
3931
6404
8879
3660
3353
3404
4145
3902
4577
7523
5481
3526
3343
723
3512
3617
7719
6532
2343
6181
9432
9637
6216
8951
4840
1810
6115
7370
2303
1951
1917
564
1026
3093
6446
4767
6600
6505
1178
2977
6991
5658
2696
6931
7232
26
2171
2344
8053
993
1536
6696
1150
800
149
4919
6232
5871
263
4693
2558
9286
9881
4127
2632
6005
9454
6163
129
8814
3586
1833
6611
2973
3707
6275
269
192
4432
9060
6995
2937
8739
6502
36
6596
5734
3705
6942
4996
8305
5986
3008
6760
9958
1035
6103
1891
7818
6852
3880
3653
8388
8253
1457
4020
7920
370
2825
9776
6964
8221
1488
2347
4986
5916
2312
6505
7116
2924
3997
4720
5522
3335
2227
5845
9462
770
7405
2147
3313
9308
4051
8804
3586
1133
4030
5624
9631
9630
8217
5810
898
228
9056
1607
1927
8242
3316
5599
9991
2629
9255
7091
8541
4813
2034
6807
6736
5154
2371
190
5910
5038
3435
4857
2992
903
1620
7489
1815
8690
4357
3410
6150
2678
7780
1302
1627
2125
4058
9958
4615
5512
7797
1733
3685
8947
2776
7938
5744
4045
4005
9099
6483
1969
5
594
1045
5038
4229
8492
77
1490
942
4502
2783
5965
912
6715
3808
1726
7613
2525
8020
1847
4853
2381
8698
8189
5325
3451
2212
4109
6594
9743
2880
4452
565
2553
4473
4880
2556
2892
5968
7623
4899
8138
9500
8179
8314
6761
2009
2866
7165
5987
4008
5769
4366
8525
8865
1249
6807
4172
9242
871
7925
4556
712
2306
9258
188
6303
3079
9005
9002
3249
1928
3258
9454
8024
7423
9558
3044
9361
8297
910
8669
7572
1987
8640
7282
2435
8169
3984
4058
9466
1819
4234
2100
2285
5995
5543
601
7180
3349
6705
7163
328
1845
8273
182
7021
4203
6168
7416
1151
7495
9545
4174
9607
6868
120
5610
6301
4094
2453
8742
4290
8797
167
4918
9266
576
8256
196
5100
4083
9325
5038
5423
8384
7172
5689
713
6703
1795
386
4419
9685
4598
1174
9788
8638
8935
4999
5266
5874
2550
2536
5695
576
2029
5361
1578
9589
6985
1821
7561
642
9001
5687
3767
213
8914
3256
5685
2863
1801
8737
2363
6173
4460
3760
3764
252
9991
9322
3885
6607
4336
3134
4726
1975
7960
5472
113
9705
6199
7987
3296
8543
1699
2741
3639
1599
8640
4498
679
8148
9599
1462
8288
9276
1977
1258
9566
7098
2782
2129
9420
8922
5950
3044
6834
9590
1616
4744
5394
4691
4289
4485
7435
8433
5614
4451
1357
671
4372
3696
3569
5977
2562
2920
8171
2628
9441
9367
6248
9509
731
7498
9669
6345
7033
6930
6900
2962
8051
7236
7076
6235
8768
1928
5810
8961
392
2408
1895
2449
8155
8879
8751
7605
4656
4142
8892
553
5968
9473
645
6274
7363
3047
5101
6321
7848
7536
8548
8101
4650
60
8430
4286
9815
4185
6147
3221
9971
4521
9248
8772
7194
9562
4460
4662
668
5825
8444
6725
8207
7245
4306
6457
2446
7972
9383
2054
8694
7191
1769
1948
9489
9844
8402
1327
9562
7016
2227
8061
4514
7772
8985
3108
6870
2333
6801
9124
335
2552
2161
1768
9197
3992
6799
1377
3372
2035
6676
1306
2182
2291
9707
4404
1192
9363
3045
5875
5965
6280
6299
743
3245
9858
7000
6656
1226
6426
5354
7983
2688
8665
2141
5701
6975
9643
8839
7266
6240
9358
971
4781
1841
327
8317
1206
3243
9132
283
7
9054
4674
6772
5521
7887
5859
6286
8313
3809
7228
2290
3864
7958
3515
1881
8701
7800
6853
5387
7376
2904
349
7601
4200
7880
8319
2384
2469
2583
6163
2026
1268
1572
4798
4732
4650
7296
5697
4328
890
3450
8283
8683
6822
6280
7038
7542
3773
1309
6490
6488
285
8001
3844
9047
6345
8294
2425
7831
2503
3051
1698
5706
1514
7308
2250
3076
8917
7489
6556
6291
2517
2990
1531
6726
3039
4374
2857
8757
4142
6520
9320
3043
8260
67
1700
8372
1659
5232
8095
2102
9813
2019
1931
8521
8816
1020
7122
6677
3363
425
6443
6721
2058
5207
6197
3344
8608
5483
3462
8173
5835
8168
4389
153
2821
2003
1724
9828
1401
7166
3452
882
4035
6637
2757
144
4111
7182
833
8906
1923
8495
2899
2831
4170
4730
8804
6730
1556
300
2715
5280
3931
1717
5882
2030
2234
5163
9650
4877
2551
9716
3003
6887
3562
770
6054
278
2844
4553
5295
1642
6276
3312
7872
1544
4364
6246
1552
7289
5000
2465
1226
2785
5268
64
5606
1494
3659
8975
2491
7961
3431
4795
5346
8510
5
576
8300
244
4807
6192
6249
8967
8285
5802
2369
5798
7210
5240
7480
9917
4075
1363
7881
4705
5742
6430
6389
3613
7414
1531
7693
3832
6815
2000
1400
3910
1009
620
6109
3055
7004
7461
1339
9866
1321
956
7376
9997
1821
3395
4719
7001
7240
8590
2236
1858
6008
5398
3720
8015
251
1869
8665
7067
2443
7043
558
8847
5164
2112
8852
8412
2391
3096
7039
4235
6910
5276
9442
6673
6719
3243
554
2811
6289
530
417
9635
475
5164
3359
6466
7656
5965
6516
8662
3305
6046
3391
6799
3843
4389
4015
5169
4235
6392
5353
3378
6436
9437
6934
2515
3844
182
1577
795
7395
3823
4773
6654
5644
5830
9759
4101
8037
3546
3085
8228
589
1674
5427
6862
2555
894
6659
2724
5979
4662
4319
8949
5507
8699
657
146
2364
7885
2101
2420
9694
7261
9706
2593
4793
367
9084
2047
5340
9607
8294
5663
6822
6453
5075
9703
6294
1992
9629
8801
1239
2816
6527
5697
5662
2243
5083
9896
8564
2650
3701
2574
4181
3722
311
6178
4842
2066
3018
7945
5134
6605
1883
1447
1195
9935
886
984
7592
3014
6774
6887
3896
4035
7327
5908
8228
9814
8219
5265
7511
6395
2294
9577
3640
4251
4934
2610
6989
7937
928
7783
7667
949
2419
8550
9460
1451
8141
7060
5943
8732
8183
1979
2405
3723
8914
9004
732
2244
4504
9744
934
1058
3592
4845
6743
2739
578
8618
8148
1087
1094
8702
6937
9059
4844
5557
722
3779
6696
6688
7677
8550
9344
8948
7899
6651
792
6355
4106
2269
6937
8445
9625
5372
4380
4607
4670
4201
4500
7763
903
1927
7239
6003
3793
4038
6613
4759
7065
8063
4231
6430
1743
8073
1031
1947
7330
5600
5355
9597
2847
5962
4228
999
7954
7243
4992
9831
9282
3765
8300
13
9448
4941
8066
7410
7997
5642
3453
6216
1220
9195
1318
2631
1835
6715
6457
8401
4736
1351
2879
478
8831
4470
8062
9909
6956
3346
365
5825
8073
3970
8989
4604
2884
9024
9947
6812
1639
7087
8248
3022
5871
2734
8440
8672
983
2263
7749
9056
1531
8030
2581
4086
4567
4882
8887
791
4622
8443
6019
1019
7316
6749
1311
5281
7389
9706
1944
1990
4364
7562
7949
6456
1908
2278
9292
6644
2452
8812
9199
6194
9804
4194
2603
2080
3585
7457
8204
990
7414
2747
2412
9725
1578
7328
2213
3332
246
6820
6153
5578
4950
6818
2895
3719
6862
5963
3760
2305
9469
1792
575
5242
2678
7683
3674
2411
549
536
8254
8086
1406
7001
6382
6765
639
5382
8655
6807
7218
301
2421
8328
3103
4712
5701
4621
1752
4063
264
1155
9117
1715
1681
8195
5071
4303
3577
6420
3222
7251
5090
4048
8385
4645
8693
7619
9189
8198
153
333
3149
9252
5654
7442
675
8895
3138
2113
4335
567
1198
1228
2897
9446
7886
9695
8172
9054
9370
1412
9843
8327
515
807
2389
5676
5843
455
8415
556
4193
7860
9094
9933
3941
1482
5324
4123
9228
7395
132
6978
2911
4253
9879
1309
5417
7625
9532
2047
9305
5390
4526
2815
2888
3486
3927
4562
7033
1691
8135
2281
9611
8675
322
5597
7688
7489
3815
3797
7455
1315
9130
6458
9830
2210
4378
4130
5987
3043
6740
8824
9175
7737
1568
2519
269
7141
2606
1514
3674
6971
2705
2580
1450
7612
7731
4662
1078
2716
8042
494
9179
4749
3345
2206
5598
3595
9559
6306
9353
3782
9578
5219
1502
8794
6938
9286
3587
1990
7957
7214
2455
5106
7228
8975
4950
7860
3519
3389
3049
8079
503
1597
1173
2073
5894
7581
5507
5184
9675
1215
6117
5793
4860
7775
9667
5690
7003
8159
7813
5946
1261
5265
3088
4370
9501
9456
6079
3793
1643
7461
7270
391
9718
440
4683
2885
7282
6321
2171
3046
5909
1576
3899
6990
4532
2108
8784
5526
1937
6090
7705
6362
663
3082
4800
8601
1465
1469
1326
8638
4759
4722
2195
2141
9516
2494
9277
5266
4939
5369
6937
2115
4236
9300
5542
1762
5965
9194
3028
8840
9808
9814
78
9594
551
8684
3461
7929
1732
7797
8479
3333
2513
9098
8074
8689
975
389
1260
1677
316
5543
6246
297
2386
9517
1634
42
6914
1584
3164
4822
9107
9719
2103
9856
5000
4297
8785
3694
5794
7856
8873
715
272
5862
570
3379
7975
6689
6058
2209
672
8503
2161
6647
857
5274
9396
2633
4881
2404
5241
3477
9000
257
9225
4580
7992
3160
6384
8474
4219
5287
8007
322
2213
5981
9986
714
2573
3382
8886
9094
4637
3088
6757
662
118
7298
5706
4018
1829
7934
5452
2443
7277
1583
4298
8798
534
8585
2349
1979
409
8318
5311
1086
2275
5302
1069
2722
3167
6589
9125
7323
5145
6577
2744
1692
8969
1314
1575
3761
259
2726
7561
9114
4685
8541
8958
4939
9602
2626
7337
5915
6622
4964
2994
207
1256
5319
5387
398
503
2838
8308
5764
4807
6997
5022
5297
1703
4326
7339
9410
8051
4342
760
5038
1115
683
6033
3150
5406
9661
7384
340
9990
6719
5944
6949
4006
545
9668
2540
1144
1856
7103
7305
8769
8149
8172
8638
5231
5593
5956
2340
6931
3534
7694
7972
3478
3507
4083
8393
74
455
608
7992
3011
2446
6006
1204
7818
777
9936
8393
2598
6053
3531
7896
6388
5633
8924
4040
8168
1832
8170
1442
3736
4855
1447
9315
895
3884
6553
8691
5960
6520
9454
3517
6761
4728
491
9658
7892
541
8917
3252
2822
4492
1830
3029
9329
1491
4828
2874
4432
1474
6181
9660
4922
1727
9499
5385
5994
1130
9821
742
2186
3619
8155
4531
746
5460
9785
2016
7637
7835
1221
3655
8835
8738
4245
7341
2965
2802
3804
2686
9141
7248
3081
8699
5358
9333
1892
8123
1938
2789
2891
2296
5426
5651
3256
8179
4643
9094
7129
9277
5254
2274
2912
3277
4138
6630
5201
6487
4474
8879
2533
4385
3937
3897
9507
3708
2482
8755
5350
9709
9363
7872
7764
7353
1315
8168
5905
4902
3895
6913
398
1877
1416
993
3481
5899
1707
1571
8655
6326
7945
9419
659
6159
4836
4009
3227
8629
4532
9413
383
3833
9505
2159
1589
1654
6893
7636
8651
7545
6298
7990
1198
9369
6380
9088
3757
1539
8193
268
3066
4119
1017
7672
5146
7696
6444
9984
897
67
3856
1556
3714
9341
9109
1000
8288
1553
3959
839
4213
845
9509
7062
3262
7770
8331
9707
8372
5790
7774
5682
5937
7434
3172
5317
2702
9900
6765
5169
646
1531
6298
3376
6777
1765
5431
6242
4212
7724
7005
9371
2898
9579
5063
2394
8320
4651
8137
9769
4332
9072
9381
1588
9567
6832
8462
4116
7249
8250
6453
2940
2288
3368
7646
3271
5982
3046
8960
8792
3345
3629
8756
8785
1458
8451
158
8785
6115
4430
2414
9177
4116
6029
9884
1603
1146
7608
1484
8890
4199
8855
1231
4929
2776
90
7580
8270
3415
903
9228
1296
3396
3120
223
12
3859
3280
1900
7631
5976
8649
785
9793
4285
3883
9455
4014
2966
1522
3648
6346
1716
7179
631
4324
8025
2146
9553
6771
4520
5814
1629
6199
8012
4976
5610
6492
232
2529
3108
2188
1960
9096
3570
5768
2396
8376
4570
656
2046
6060
5172
2263
5540
6571
3610
9443
1464
3090
7029
694
5352
3858
5452
9247
3149
4258
3678
7938
2383
7349
3347
1156
4782
3914
5559
2280
377
1662
8840
6976
1494
1821
9850
1061
1263
1033
325
8491
2115
2746
1559
9234
337
8980
5985
7700
8450
8428
347
4747
2999
5528
8370
7787
5969
2726
8542
1344
7760
8440
6272
7984
3619
5566
5048
7297
9251
3223
1013
4369
8724
2056
7349
5237
4675
6595
506
8170
6783
1086
7221
7961
9236
6743
3990
7419
2058
3105
7749
3691
2245
9502
895
9399
9497
1533
1539
7558
4426
1226
1869
8591
5822
3328
3860
7876
9587
4378
8739
888
8276
8076
1211
2803
6981
5352
7664
1795
1358
849
3815
2608
4730
8659
3975
1769
5633
9816
4042
4045
3125
3438
8029
2606
4821
747
4009
8137
2538
9208
5936
9917
8476
2729
9853
3050
1639
8398
9447
1242
3720
9270
9070
8426
7647
1020
5931
6381
4851
2745
1736
3880
7097
2816
4691
4789
6955
8774
6801
5585
3479
8307
7288
5325
2868
4484
6448
2783
2282
3689
9431
9401
188
7359
5745
4766
2076
6968
8038
7626
6783
6040
6078
3578
5327
2199
9302
1910
3097
980
6034
949
8460
207
1674
1213
3560
9413
3333
853
9421
5319
4798
2023
233
1191
3790
762
6515
2369
7389
2619
4200
7681
4643
7110
6438
1720
724
8540
4671
7231
2516
991
4162
323
9373
6343
7711
4292
3307
9950
6934
306
8796
474
3674
3041
3625
4924
588
3462
2822
6381
8928
9914
8363
3475
9576
3504
6753
5512
4186
4323
3241
6169
3210
3001
9478
7515
4548
4053
2111
2083
1731
3843
4235
6006
1962
5572
7334
3010
5418
2
1613
7167
9337
3399
2591
6241
8990
4465
9962
8909
830
1500
9616
9442
2686
5802
2143
4598
2601
7664
7323
4169
7484
1650
1520
9005
8871
6324
8692
6172
8625
9780
3455
3671
9297
4195
7736
4712
323
6212
6071
2720
887
5948
6044
4774
5851
2111
5157
9262
9171
9391
4456
9172
7979
7996
2101
9572
4667
5549
9422
3488
9404
3692
2049
1467
8065
4515
9092
5620
9027
5829
7719
6978
8074
1174
1386
9846
4024
2841
9093
5641
8178
8088
8406
3412
6984
5197
5301
6174
4126
593
9303
6045
480
9454
6070
1271
7017
8693
1995
2030
2045
6464
6580
8072
3212
6121
8395
8976
2365
6883
6442
8276
5289
7144
3633
2578
4468
4679
6082
8388
8094
2039
7253
9878
6263
8330
130
3023
4337
3991
5194
957
4294
4518
3120
1391
7559
313
8889
5239
3850
5191
9139
9558
5641
7080
5715
83
3309
223
4444
4587
3445
1735
3069
1
7069
5882
4737
7588
2662
1195
7544
5128
8963
5861
2746
3614
9498
8269
7866
8307
8960
5802
3360
6209
9952
8253
2213
5608
8218
7986
1437
6367
6457
618
9886
2382
4736
5131
2715
3643
3977
6319
8919
1787
6114
4572
484
5592
4379
6371
8025
8616
930
3616
771
5255
7897
3032
7498
1932
5258
155
3227
1793
3166
6390
3285
6283
6259
3990
2330
769
5082
3405
6382
200
3003
5191
7219
2589
4283
4960
3131
5762
2958
2847
124
1933
7397
6061
4305
6977
7619
6030
6056
9872
8374
4215
2955
2723
8470
3680
4820
6476
1056
7360
801
5307
2851
8100
3092
366
7060
701
5803
8469
3365
9135
5162
5157
7263
398
7284
8693
3580
2491
3554
7807
3072
7341
6747
6231
3040
2116
9225
8145
7250
9200
205
6941
8985
3252
4707
1171
3921
9404
2145
4828
9793
7091
2552
540
4529
7434
2686
1985
3559
6146
8164
8352
1208
3994
4254
9272
5495
7563
4708
3037
2996
8020
5851
3244
4884
4432
5478
308
4564
1259
6339
5035
4243
4433
3997
5160
3826
5727
2278
6530
9368
3737
5335
7175
1693
930
7773
2360
7348
8207
6
9667
6598
1884
8014
7340
9866
9429
1478
5228
2036
5220
4406
6981
5779
629
6502
4047
7780
1074
8940
2374
9957
4011
5278
1765
8365
3794
5509
1732
8295
4612
9864
3669
5210
7185
2927
935
7287
5828
932
9851
8364
4473
1764
5208
8065
8545
5575
8133
937
9951
528
7912
1821
9587
1444
436
9622
2322
9840
6286
3453
9967
8368
3769
3820
4652
6353
3548
8831
9377
1441
5416
208
8505
5173
570
8153
9643
8567
743
5199
4802
4716
2198
556
5446
3751
406
6293
844
6384
5308
3957
6704
9820
9493
786
8854
897
2278
5084
7155
1708
4557
4464
4590
